{
    "networks":{},
    "pg_networks":{
        "pg_network.036":{
            "joint.017":{
                "occupant":"",
                "occupant_parent":"",
                "hinge":"",
                "tx_tol":0.0,
                "rt_tol":[],
                "neighbors":[
                    "joint.018",
                    "joint.016"
                ],
                "rot":[
                    [
                        1.0,
                        5.839063987878035e-08,
                        -1.1981973635499799e-08
                    ],
                    [
                        -5.839063987878035e-08,
                        1.0,
                        1.4901159417490817e-08
                    ],
                    [
                        1.1981973635499799e-08,
                        -1.4901159417490817e-08,
                        1.0
                    ]
                ],
                "tran":[
                    -48.29783630371094,
                    18.090362548828125,
                    23.562105178833008
                ]
            },
            "joint.016":{
                "occupant":"",
                "occupant_parent":"",
                "hinge":"",
                "tx_tol":0.0,
                "rt_tol":[],
                "neighbors":[
                    "joint.017",
                    "joint.015"
                ],
                "rot":[
                    [
                        1.0,
                        5.839063987878035e-08,
                        -1.1981973635499799e-08
                    ],
                    [
                        -5.839063987878035e-08,
                        1.0,
                        1.4901159417490817e-08
                    ],
                    [
                        1.1981973635499799e-08,
                        -1.4901159417490817e-08,
                        1.0
                    ]
                ],
                "tran":[
                    -66.0957260131836,
                    43.179073333740234,
                    49.836181640625
                ]
            },
            "joint":{
                "occupant":"",
                "occupant_parent":"",
                "hinge":"",
                "tx_tol":0.0,
                "rt_tol":[],
                "neighbors":[
                    "joint.001"
                ],
                "rot":[
                    [
                        1.0,
                        0.0,
                        0.0
                    ],
                    [
                        0.0,
                        1.0,
                        0.0
                    ],
                    [
                        0.0,
                        0.0,
                        1.0
                    ]
                ],
                "tran":[
                    -36.3394660949707,
                    -111.10588836669922,
                    -9.593164443969727
                ]
            },
            "joint.012":{
                "occupant":"",
                "occupant_parent":"",
                "hinge":"",
                "tx_tol":0.0,
                "rt_tol":[],
                "neighbors":[
                    "joint.013",
                    "joint.011"
                ],
                "rot":[
                    [
                        1.0,
                        5.839063987878035e-08,
                        2.9191888906154873e-09
                    ],
                    [
                        -5.839063987878035e-08,
                        1.0,
                        1.4901158529312397e-08
                    ],
                    [
                        -2.9191880024370676e-09,
                        -1.4901158529312397e-08,
                        1.0
                    ]
                ],
                "tran":[
                    78.29833984375,
                    24.316051483154297,
                    23.457870483398438
                ]
            },
            "joint.004":{
                "occupant":"",
                "occupant_parent":"",
                "hinge":"",
                "tx_tol":0.0,
                "rt_tol":[],
                "neighbors":[
                    "joint.005",
                    "joint.003"
                ],
                "rot":[
                    [
                        1.0,
                        -0.0,
                        -2.9802322387695312e-08
                    ],
                    [
                        0.0,
                        1.0,
                        -0.0
                    ],
                    [
                        2.9802322387695312e-08,
                        0.0,
                        1.0
                    ]
                ],
                "tran":[
                    -50.88355255126953,
                    -40.52875518798828,
                    -15.152496337890625
                ]
            },
            "joint.015":{
                "occupant":"",
                "occupant_parent":"",
                "hinge":"",
                "tx_tol":0.0,
                "rt_tol":[],
                "neighbors":[
                    "joint.016"
                ],
                "rot":[
                    [
                        1.0,
                        5.839063987878035e-08,
                        -1.1981973635499799e-08
                    ],
                    [
                        -5.839063987878035e-08,
                        1.0,
                        1.4901159417490817e-08
                    ],
                    [
                        1.1981973635499799e-08,
                        -1.4901159417490817e-08,
                        1.0
                    ]
                ],
                "tran":[
                    -94.55810546875,
                    26.98324966430664,
                    86.450927734375
                ]
            },
            "joint.003":{
                "occupant":"",
                "occupant_parent":"",
                "hinge":"",
                "tx_tol":0.0,
                "rt_tol":[],
                "neighbors":[
                    "joint.004",
                    "joint.002"
                ],
                "rot":[
                    [
                        1.0,
                        -0.0,
                        -2.9802322387695312e-08
                    ],
                    [
                        0.0,
                        1.0,
                        -0.0
                    ],
                    [
                        2.9802322387695312e-08,
                        0.0,
                        1.0
                    ]
                ],
                "tran":[
                    -91.96153259277344,
                    -49.59512710571289,
                    -29.462404251098633
                ]
            },
            "joint.008":{
                "occupant":"",
                "occupant_parent":"",
                "hinge":"",
                "tx_tol":0.0,
                "rt_tol":[],
                "neighbors":[
                    "joint.007",
                    "joint.009"
                ],
                "rot":[
                    [
                        1.0,
                        5.839063987878035e-08,
                        -1.1981973635499799e-08
                    ],
                    [
                        -5.839063987878035e-08,
                        1.0,
                        1.4901159417490817e-08
                    ],
                    [
                        1.1981973635499799e-08,
                        -1.4901159417490817e-08,
                        1.0
                    ]
                ],
                "tran":[
                    38.606510162353516,
                    69.75460815429688,
                    -30.61977767944336
                ]
            },
            "joint.006":{
                "occupant":"",
                "occupant_parent":"",
                "hinge":"",
                "tx_tol":0.0,
                "rt_tol":[],
                "neighbors":[
                    "joint.007"
                ],
                "rot":[
                    [
                        1.0,
                        5.839063987878035e-08,
                        -1.1981973635499799e-08
                    ],
                    [
                        -5.839063987878035e-08,
                        1.0,
                        1.4901159417490817e-08
                    ],
                    [
                        1.1981973635499799e-08,
                        -1.4901159417490817e-08,
                        1.0
                    ]
                ],
                "tran":[
                    66.42821502685547,
                    91.45323181152344,
                    -45.611534118652344
                ]
            },
            "joint.013":{
                "occupant":"",
                "occupant_parent":"",
                "hinge":"",
                "tx_tol":0.0,
                "rt_tol":[],
                "neighbors":[
                    "joint.014",
                    "joint.012"
                ],
                "rot":[
                    [
                        1.0,
                        5.839063987878035e-08,
                        2.9191888906154873e-09
                    ],
                    [
                        -5.839063987878035e-08,
                        1.0,
                        1.4901158529312397e-08
                    ],
                    [
                        -2.9191880024370676e-09,
                        -1.4901158529312397e-08,
                        1.0
                    ]
                ],
                "tran":[
                    63.551902770996094,
                    14.567319869995117,
                    13.881532669067383
                ]
            },
            "joint.007":{
                "occupant":"",
                "occupant_parent":"",
                "hinge":"",
                "tx_tol":0.0,
                "rt_tol":[],
                "neighbors":[
                    "joint.006",
                    "joint.008"
                ],
                "rot":[
                    [
                        1.0,
                        5.839063987878035e-08,
                        -1.1981973635499799e-08
                    ],
                    [
                        -5.839063987878035e-08,
                        1.0,
                        1.4901159417490817e-08
                    ],
                    [
                        1.1981973635499799e-08,
                        -1.4901159417490817e-08,
                        1.0
                    ]
                ],
                "tran":[
                    51.417030334472656,
                    82.40106201171875,
                    -37.55648422241211
                ]
            },
            "joint.011":{
                "occupant":"",
                "occupant_parent":"",
                "hinge":"",
                "tx_tol":0.0,
                "rt_tol":[],
                "neighbors":[
                    "joint.012",
                    "joint.010"
                ],
                "rot":[
                    [
                        1.0,
                        5.839063987878035e-08,
                        2.9191888906154873e-09
                    ],
                    [
                        -5.839063987878035e-08,
                        1.0,
                        1.4901158529312397e-08
                    ],
                    [
                        -2.9191880024370676e-09,
                        -1.4901158529312397e-08,
                        1.0
                    ]
                ],
                "tran":[
                    88.82662963867188,
                    36.233219146728516,
                    35.75979232788086
                ]
            },
            "joint.009":{
                "occupant":"",
                "occupant_parent":"",
                "hinge":"",
                "tx_tol":0.0,
                "rt_tol":[],
                "neighbors":[
                    "joint.008",
                    "joint.018"
                ],
                "rot":[
                    [
                        1.0,
                        5.839063987878035e-08,
                        -1.1981973635499799e-08
                    ],
                    [
                        -5.839063987878035e-08,
                        1.0,
                        1.4901159417490817e-08
                    ],
                    [
                        1.1981973635499799e-08,
                        -1.4901159417490817e-08,
                        1.0
                    ]
                ],
                "tran":[
                    23.110502243041992,
                    45.289669036865234,
                    -21.304019927978516
                ]
            },
            "joint.018":{
                "occupant":"",
                "occupant_parent":"",
                "hinge":"",
                "tx_tol":0.0,
                "rt_tol":[],
                "neighbors":[
                    "joint.014",
                    "joint.009",
                    "joint.017",
                    "joint.005"
                ],
                "rot":[
                    [
                        1.0,
                        5.839063987878035e-08,
                        2.9191888906154873e-09
                    ],
                    [
                        -5.839063987878035e-08,
                        1.0,
                        1.4901158529312397e-08
                    ],
                    [
                        -2.9191880024370676e-09,
                        -1.4901158529312397e-08,
                        1.0
                    ]
                ],
                "tran":[
                    0.0,
                    -2.384185791015625e-06,
                    0.0
                ]
            },
            "joint.002":{
                "occupant":"",
                "occupant_parent":"",
                "hinge":"",
                "tx_tol":0.0,
                "rt_tol":[],
                "neighbors":[
                    "joint.003",
                    "joint.001"
                ],
                "rot":[
                    [
                        1.0,
                        0.0,
                        0.0
                    ],
                    [
                        0.0,
                        1.0,
                        0.0
                    ],
                    [
                        0.0,
                        0.0,
                        1.0
                    ]
                ],
                "tran":[
                    -59.830657958984375,
                    -83.74309539794922,
                    -26.514284133911133
                ]
            },
            "joint.001":{
                "occupant":"",
                "occupant_parent":"",
                "hinge":"",
                "tx_tol":0.0,
                "rt_tol":[],
                "neighbors":[
                    "joint.002",
                    "joint"
                ],
                "rot":[
                    [
                        1.0,
                        0.0,
                        0.0
                    ],
                    [
                        0.0,
                        1.0,
                        0.0
                    ],
                    [
                        0.0,
                        0.0,
                        1.0
                    ]
                ],
                "tran":[
                    -46.73222351074219,
                    -97.7215576171875,
                    -20.41221809387207
                ]
            },
            "joint.005":{
                "occupant":"",
                "occupant_parent":"",
                "hinge":"",
                "tx_tol":0.0,
                "rt_tol":[],
                "neighbors":[
                    "joint.018",
                    "joint.004"
                ],
                "rot":[
                    [
                        1.0,
                        -0.0,
                        -2.9802322387695312e-08
                    ],
                    [
                        0.0,
                        1.0,
                        -0.0
                    ],
                    [
                        2.9802322387695312e-08,
                        0.0,
                        1.0
                    ]
                ],
                "tran":[
                    -33.89236068725586,
                    -31.79104232788086,
                    -8.89525032043457
                ]
            },
            "joint.010":{
                "occupant":"",
                "occupant_parent":"",
                "hinge":"",
                "tx_tol":0.0,
                "rt_tol":[],
                "neighbors":[
                    "joint.011"
                ],
                "rot":[
                    [
                        1.0,
                        5.839063987878035e-08,
                        2.9191888906154873e-09
                    ],
                    [
                        -5.839063987878035e-08,
                        1.0,
                        1.4901158529312397e-08
                    ],
                    [
                        -2.9191880024370676e-09,
                        -1.4901158529312397e-08,
                        1.0
                    ]
                ],
                "tran":[
                    94.34899139404297,
                    49.616920471191406,
                    49.70904541015625
                ]
            },
            "joint.014":{
                "occupant":"",
                "occupant_parent":"",
                "hinge":"",
                "tx_tol":0.0,
                "rt_tol":[],
                "neighbors":[
                    "joint.018",
                    "joint.013"
                ],
                "rot":[
                    [
                        1.0,
                        5.839063987878035e-08,
                        2.9191888906154873e-09
                    ],
                    [
                        -5.839063987878035e-08,
                        1.0,
                        1.4901158529312397e-08
                    ],
                    [
                        -2.9191880024370676e-09,
                        -1.4901158529312397e-08,
                        1.0
                    ]
                ],
                "tran":[
                    45.695945739746094,
                    7.523989677429199,
                    7.901762962341309
                ]
            }
        }
    }
}