{
    "networks":{},
    "pg_networks":{
        "pg_network.036":{
            "joint.013":{
                "occupant":"",
                "occupant_parent":"",
                "hinge":"",
                "tx_tol":0.0,
                "rt_tol":[],
                "neighbors":[
                    "joint.014",
                    "joint.012"
                ],
                "rot":[
                    [
                        1.0,
                        -1.862645149230957e-09,
                        -7.450580596923828e-09
                    ],
                    [
                        1.862645149230957e-09,
                        1.0,
                        -6.938893903907228e-18
                    ],
                    [
                        7.450580596923828e-09,
                        -6.938893903907228e-18,
                        1.0
                    ]
                ],
                "tran":[
                    32.025089263916016,
                    73.0832748413086,
                    -32.80788040161133
                ]
            },
            "joint.017":{
                "occupant":"",
                "occupant_parent":"",
                "hinge":"",
                "tx_tol":0.0,
                "rt_tol":[],
                "neighbors":[
                    "joint.016",
                    "joint.018"
                ],
                "rot":[
                    [
                        1.0,
                        -1.862645149230957e-09,
                        -2.2351741790771484e-08
                    ],
                    [
                        1.862645149230957e-09,
                        1.0,
                        -2.0816681711721685e-17
                    ],
                    [
                        2.2351741790771484e-08,
                        -2.0816681711721685e-17,
                        1.0
                    ]
                ],
                "tran":[
                    44.774627685546875,
                    8.085246086120605,
                    9.630355834960938
                ]
            },
            "joint.001":{
                "occupant":"",
                "occupant_parent":"",
                "hinge":"",
                "tx_tol":0.0,
                "rt_tol":[],
                "neighbors":[
                    "joint.002",
                    "joint"
                ],
                "rot":[
                    [
                        1.0,
                        -1.862645149230957e-09,
                        0.0
                    ],
                    [
                        1.862645149230957e-09,
                        1.0,
                        0.0
                    ],
                    [
                        0.0,
                        0.0,
                        1.0
                    ]
                ],
                "tran":[
                    -51.63404083251953,
                    -96.58816528320312,
                    -28.267292022705078
                ]
            },
            "joint.012":{
                "occupant":"",
                "occupant_parent":"",
                "hinge":"",
                "tx_tol":0.0,
                "rt_tol":[],
                "neighbors":[
                    "joint.013",
                    "joint.011"
                ],
                "rot":[
                    [
                        1.0,
                        -1.862645149230957e-09,
                        0.0
                    ],
                    [
                        1.862645149230957e-09,
                        1.0,
                        0.0
                    ],
                    [
                        0.0,
                        0.0,
                        1.0
                    ]
                ],
                "tran":[
                    42.561767578125,
                    87.20285034179688,
                    -40.66771697998047
                ]
            },
            "joint.003":{
                "occupant":"",
                "occupant_parent":"",
                "hinge":"",
                "tx_tol":0.0,
                "rt_tol":[],
                "neighbors":[
                    "joint.004",
                    "joint.002"
                ],
                "rot":[
                    [
                        1.0,
                        -1.862645149230957e-09,
                        0.0
                    ],
                    [
                        1.862645149230957e-09,
                        1.0,
                        0.0
                    ],
                    [
                        0.0,
                        0.0,
                        1.0
                    ]
                ],
                "tran":[
                    -93.91554260253906,
                    -45.33679962158203,
                    -27.401485443115234
                ]
            },
            "joint.011":{
                "occupant":"",
                "occupant_parent":"",
                "hinge":"",
                "tx_tol":0.0,
                "rt_tol":[],
                "neighbors":[
                    "joint.012"
                ],
                "rot":[
                    [
                        1.0,
                        -1.862645149230957e-09,
                        0.0
                    ],
                    [
                        1.862645149230957e-09,
                        1.0,
                        0.0
                    ],
                    [
                        0.0,
                        0.0,
                        1.0
                    ]
                ],
                "tran":[
                    55.640220642089844,
                    98.02751159667969,
                    -49.82971954345703
                ]
            },
            "joint.015":{
                "occupant":"",
                "occupant_parent":"",
                "hinge":"",
                "tx_tol":0.0,
                "rt_tol":[],
                "neighbors":[
                    "joint.010",
                    "joint.016"
                ],
                "rot":[
                    [
                        1.0,
                        -1.862645149230957e-09,
                        -2.2351741790771484e-08
                    ],
                    [
                        1.862645149230957e-09,
                        1.0,
                        -2.0816681711721685e-17
                    ],
                    [
                        2.2351741790771484e-08,
                        -2.0816681711721685e-17,
                        1.0
                    ]
                ],
                "tran":[
                    74.62833404541016,
                    26.181446075439453,
                    28.818050384521484
                ]
            },
            "joint.009":{
                "occupant":"",
                "occupant_parent":"",
                "hinge":"",
                "tx_tol":0.0,
                "rt_tol":[],
                "neighbors":[
                    "joint.010"
                ],
                "rot":[
                    [
                        1.0,
                        -1.862645149230957e-09,
                        -2.2351741790771484e-08
                    ],
                    [
                        1.862645149230957e-09,
                        1.0,
                        -2.0816681711721685e-17
                    ],
                    [
                        2.2351741790771484e-08,
                        -2.0816681711721685e-17,
                        1.0
                    ]
                ],
                "tran":[
                    86.4664306640625,
                    52.66627502441406,
                    56.1181640625
                ]
            },
            "joint.008":{
                "occupant":"",
                "occupant_parent":"",
                "hinge":"",
                "tx_tol":0.0,
                "rt_tol":[],
                "neighbors":[
                    "joint.007",
                    "joint.018"
                ],
                "rot":[
                    [
                        1.0,
                        -1.862645149230957e-09,
                        0.0
                    ],
                    [
                        1.862645149230957e-09,
                        1.0,
                        0.0
                    ],
                    [
                        0.0,
                        0.0,
                        1.0
                    ]
                ],
                "tran":[
                    -46.152095794677734,
                    22.160888671875,
                    24.442901611328125
                ]
            },
            "joint.004":{
                "occupant":"",
                "occupant_parent":"",
                "hinge":"",
                "tx_tol":0.0,
                "rt_tol":[],
                "neighbors":[
                    "joint.005",
                    "joint.003"
                ],
                "rot":[
                    [
                        1.0,
                        -1.862645149230957e-09,
                        0.0
                    ],
                    [
                        1.862645149230957e-09,
                        1.0,
                        0.0
                    ],
                    [
                        0.0,
                        0.0,
                        1.0
                    ]
                ],
                "tran":[
                    -50.8447265625,
                    -39.315757751464844,
                    -16.860031127929688
                ]
            },
            "joint.018":{
                "occupant":"",
                "occupant_parent":"",
                "hinge":"",
                "tx_tol":0.0,
                "rt_tol":[],
                "neighbors":[
                    "joint.017",
                    "joint.014",
                    "joint.008",
                    "joint.005"
                ],
                "rot":[
                    [
                        1.0,
                        -1.862645149230957e-09,
                        -2.2351741790771484e-08
                    ],
                    [
                        1.862645149230957e-09,
                        1.0,
                        -2.0816681711721685e-17
                    ],
                    [
                        2.2351741790771484e-08,
                        -2.0816681711721685e-17,
                        1.0
                    ]
                ],
                "tran":[
                    2.384185791015625e-06,
                    0.0,
                    -4.470348358154297e-06
                ]
            },
            "joint.007":{
                "occupant":"",
                "occupant_parent":"",
                "hinge":"",
                "tx_tol":0.0,
                "rt_tol":[],
                "neighbors":[
                    "joint.006",
                    "joint.008"
                ],
                "rot":[
                    [
                        1.0,
                        -1.862645149230957e-09,
                        0.0
                    ],
                    [
                        1.862645149230957e-09,
                        1.0,
                        0.0
                    ],
                    [
                        0.0,
                        0.0,
                        1.0
                    ]
                ],
                "tran":[
                    -57.397071838378906,
                    50.376441955566406,
                    51.163108825683594
                ]
            },
            "joint.006":{
                "occupant":"",
                "occupant_parent":"",
                "hinge":"",
                "tx_tol":0.0,
                "rt_tol":[],
                "neighbors":[
                    "joint.007"
                ],
                "rot":[
                    [
                        1.0,
                        -1.862645149230957e-09,
                        0.0
                    ],
                    [
                        1.862645149230957e-09,
                        1.0,
                        0.0
                    ],
                    [
                        0.0,
                        0.0,
                        1.0
                    ]
                ],
                "tran":[
                    -88.10197448730469,
                    39.24382781982422,
                    84.54217529296875
                ]
            },
            "joint":{
                "occupant":"",
                "occupant_parent":"",
                "hinge":"",
                "tx_tol":0.0,
                "rt_tol":[],
                "neighbors":[
                    "joint.001"
                ],
                "rot":[
                    [
                        1.0,
                        0.0,
                        0.0
                    ],
                    [
                        0.0,
                        1.0,
                        0.0
                    ],
                    [
                        0.0,
                        0.0,
                        1.0
                    ]
                ],
                "tran":[
                    -40.088768005371094,
                    -110.18101501464844,
                    -18.98598861694336
                ]
            },
            "joint.010":{
                "occupant":"",
                "occupant_parent":"",
                "hinge":"",
                "tx_tol":0.0,
                "rt_tol":[],
                "neighbors":[
                    "joint.009",
                    "joint.015"
                ],
                "rot":[
                    [
                        1.0,
                        -1.862645149230957e-09,
                        -2.2351741790771484e-08
                    ],
                    [
                        1.862645149230957e-09,
                        1.0,
                        -2.0816681711721685e-17
                    ],
                    [
                        2.2351741790771484e-08,
                        -2.0816681711721685e-17,
                        1.0
                    ]
                ],
                "tran":[
                    83.1534652709961,
                    38.73203659057617,
                    42.00920104980469
                ]
            },
            "joint.016":{
                "occupant":"",
                "occupant_parent":"",
                "hinge":"",
                "tx_tol":0.0,
                "rt_tol":[],
                "neighbors":[
                    "joint.015",
                    "joint.017"
                ],
                "rot":[
                    [
                        1.0,
                        -1.862645149230957e-09,
                        -2.2351741790771484e-08
                    ],
                    [
                        1.862645149230957e-09,
                        1.0,
                        -2.0816681711721685e-17
                    ],
                    [
                        2.2351741790771484e-08,
                        -2.0816681711721685e-17,
                        1.0
                    ]
                ],
                "tran":[
                    61.511993408203125,
                    15.76866340637207,
                    17.69430923461914
                ]
            },
            "joint.005":{
                "occupant":"",
                "occupant_parent":"",
                "hinge":"",
                "tx_tol":0.0,
                "rt_tol":[],
                "neighbors":[
                    "joint.018",
                    "joint.004"
                ],
                "rot":[
                    [
                        1.0,
                        -1.862645149230957e-09,
                        0.0
                    ],
                    [
                        1.862645149230957e-09,
                        1.0,
                        0.0
                    ],
                    [
                        0.0,
                        0.0,
                        1.0
                    ]
                ],
                "tran":[
                    -33.894290924072266,
                    -31.13290786743164,
                    -9.794262886047363
                ]
            },
            "joint.002":{
                "occupant":"",
                "occupant_parent":"",
                "hinge":"",
                "tx_tol":0.0,
                "rt_tol":[],
                "neighbors":[
                    "joint.003",
                    "joint.001"
                ],
                "rot":[
                    [
                        1.0,
                        -1.862645149230957e-09,
                        0.0
                    ],
                    [
                        1.862645149230957e-09,
                        1.0,
                        0.0
                    ],
                    [
                        0.0,
                        0.0,
                        1.0
                    ]
                ],
                "tran":[
                    -64.68294525146484,
                    -81.86570739746094,
                    -32.41180419921875
                ]
            },
            "joint.014":{
                "occupant":"",
                "occupant_parent":"",
                "hinge":"",
                "tx_tol":0.0,
                "rt_tol":[],
                "neighbors":[
                    "joint.018",
                    "joint.013"
                ],
                "rot":[
                    [
                        1.0,
                        -1.862645149230957e-09,
                        -7.450580596923828e-09
                    ],
                    [
                        1.862645149230957e-09,
                        1.0,
                        -6.938893903907228e-18
                    ],
                    [
                        7.450580596923828e-09,
                        -6.938893903907228e-18,
                        1.0
                    ]
                ],
                "tran":[
                    20.50577163696289,
                    46.91456604003906,
                    -22.41809844970703
                ]
            }
        }
    }
}