{
    "networks":{
        "network.002":{
            "D49.014":{
                "module_name":"D49",
                "module_type":"single",
                "c_linkage":[
                    {
                        "target_chain_id":"A",
                        "source_chain_id":"A",
                        "target_mod":"D49.013",
                        "terminus":"c"
                    }
                ],
                "n_linkage":[
                    {
                        "target_chain_id":"A",
                        "source_chain_id":"A",
                        "target_mod":"D49.017",
                        "terminus":"n"
                    }
                ],
                "rot":[
                    [
                        0.7840822339057922,
                        0.3115054666996002,
                        -0.5368234515190125
                    ],
                    [
                        0.06107737123966217,
                        0.8220034241676331,
                        0.5661978125572205
                    ],
                    [
                        0.6176444292068481,
                        -0.47673338651657104,
                        0.6254923343658447
                    ]
                ],
                "tran":[
                    140.59024047851562,
                    28.45026397705078,
                    87.8507080078125
                ]
            },
            "D49.001":{
                "module_name":"D49",
                "module_type":"single",
                "c_linkage":[
                    {
                        "target_chain_id":"A",
                        "source_chain_id":"A",
                        "target_mod":"D49",
                        "terminus":"c"
                    }
                ],
                "n_linkage":[
                    {
                        "target_chain_id":"A",
                        "source_chain_id":"A",
                        "target_mod":"D49.002",
                        "terminus":"n"
                    }
                ],
                "rot":[
                    [
                        -0.3466110825538635,
                        0.7176128029823303,
                        -0.6040633916854858
                    ],
                    [
                        -0.8001171946525574,
                        -0.562296986579895,
                        -0.20888873934745789
                    ],
                    [
                        -0.48956426978111267,
                        0.41091832518577576,
                        0.7690727710723877
                    ]
                ],
                "tran":[
                    -59.836700439453125,
                    -27.70359992980957,
                    -8.200984001159668
                ]
            },
            "D49.005":{
                "module_name":"D49",
                "module_type":"single",
                "c_linkage":[
                    {
                        "target_chain_id":"A",
                        "source_chain_id":"A",
                        "target_mod":"D49.004",
                        "terminus":"c"
                    }
                ],
                "n_linkage":[
                    {
                        "target_chain_id":"A",
                        "source_chain_id":"A",
                        "target_mod":"D49.007",
                        "terminus":"n"
                    }
                ],
                "rot":[
                    [
                        0.6042125225067139,
                        -0.5982043147087097,
                        0.5263829827308655
                    ],
                    [
                        0.5050075054168701,
                        0.7984700798988342,
                        0.32773932814598083
                    ],
                    [
                        -0.6163560748100281,
                        0.0678030475974083,
                        0.7845432162284851
                    ]
                ],
                "tran":[
                    79.62215423583984,
                    23.700050354003906,
                    -13.563032150268555
                ]
            },
            "D49.002":{
                "module_name":"D49",
                "module_type":"single",
                "c_linkage":[
                    {
                        "target_chain_id":"A",
                        "source_chain_id":"A",
                        "target_mod":"D49.001",
                        "terminus":"c"
                    }
                ],
                "n_linkage":[
                    {
                        "target_chain_id":"A",
                        "source_chain_id":"A",
                        "target_mod":"D49.006",
                        "terminus":"n"
                    }
                ],
                "rot":[
                    [
                        -0.5862318277359009,
                        0.6450978517532349,
                        -0.490082710981369
                    ],
                    [
                        -0.7088700532913208,
                        -0.7013184428215027,
                        -0.07520532608032227
                    ],
                    [
                        -0.39221879839897156,
                        0.30331718921661377,
                        0.8684256672859192
                    ]
                ],
                "tran":[
                    -79.32258605957031,
                    -29.462966918945312,
                    -3.5742247104644775
                ]
            },
            "D49.022":{
                "module_name":"D49",
                "module_type":"single",
                "c_linkage":[
                    {
                        "target_chain_id":"A",
                        "source_chain_id":"A",
                        "target_mod":"D49.021",
                        "terminus":"c"
                    }
                ],
                "n_linkage":[
                    {
                        "target_chain_id":"A",
                        "source_chain_id":"A",
                        "target_mod":"D49.025",
                        "terminus":"n"
                    }
                ],
                "rot":[
                    [
                        0.17589324712753296,
                        -0.6923498511314392,
                        -0.6997952461242676
                    ],
                    [
                        -0.4824797511100769,
                        -0.6802724003791809,
                        0.5517635345458984
                    ],
                    [
                        -0.8580646514892578,
                        0.24058549106121063,
                        -0.45370015501976013
                    ]
                ],
                "tran":[
                    142.83700561523438,
                    23.953838348388672,
                    -78.34066772460938
                ]
            },
            "D49.007":{
                "module_name":"D49",
                "module_type":"single",
                "c_linkage":[
                    {
                        "target_chain_id":"A",
                        "source_chain_id":"A",
                        "target_mod":"D49.005",
                        "terminus":"c"
                    }
                ],
                "n_linkage":[
                    {
                        "target_chain_id":"D",
                        "source_chain_id":"A",
                        "target_mod":"D49_aC2_ext.001",
                        "terminus":"n"
                    }
                ],
                "rot":[
                    [
                        0.7966828942298889,
                        -0.47838011384010315,
                        0.36938977241516113
                    ],
                    [
                        0.4054132401943207,
                        0.8762540817260742,
                        0.26042062044143677
                    ],
                    [
                        -0.4482593238353729,
                        -0.05771713703870773,
                        0.8920382857322693
                    ]
                ],
                "tran":[
                    98.08311462402344,
                    22.964977264404297,
                    -5.634968280792236
                ]
            },
            "D49.010":{
                "module_name":"D49",
                "module_type":"single",
                "c_linkage":[
                    {
                        "target_chain_id":"A",
                        "source_chain_id":"A",
                        "target_mod":"D49.009",
                        "terminus":"c"
                    }
                ],
                "n_linkage":[
                    {
                        "target_chain_id":"A",
                        "source_chain_id":"A",
                        "target_mod":"D49.021",
                        "terminus":"n"
                    }
                ],
                "rot":[
                    [
                        0.15299150347709656,
                        -0.7943839430809021,
                        -0.5878334641456604
                    ],
                    [
                        -0.8667511940002441,
                        -0.39359498023986816,
                        0.30631041526794434
                    ],
                    [
                        -0.4746960997581482,
                        0.46264228224754333,
                        -0.7487500905990601
                    ]
                ],
                "tran":[
                    143.1504669189453,
                    10.811944007873535,
                    -40.736480712890625
                ]
            },
            "D49.020":{
                "module_name":"D49",
                "module_type":"single",
                "c_linkage":[
                    {
                        "target_chain_id":"A",
                        "source_chain_id":"A",
                        "target_mod":"D49.011",
                        "terminus":"c"
                    }
                ],
                "n_linkage":[
                    {
                        "target_chain_id":"A",
                        "source_chain_id":"A",
                        "target_mod":"D49.023",
                        "terminus":"n"
                    }
                ],
                "rot":[
                    [
                        -0.22975526750087738,
                        0.7191659212112427,
                        0.6557536721229553
                    ],
                    [
                        0.42338457703590393,
                        0.6805387139320374,
                        -0.5980072021484375
                    ],
                    [
                        -0.87633216381073,
                        0.14024069905281067,
                        -0.4608411192893982
                    ]
                ],
                "tran":[
                    -144.69476318359375,
                    -39.72039031982422,
                    -48.21415710449219
                ]
            },
            "D49.025":{
                "module_name":"D49",
                "module_type":"single",
                "c_linkage":[
                    {
                        "target_chain_id":"A",
                        "source_chain_id":"A",
                        "target_mod":"D49.022",
                        "terminus":"c"
                    }
                ],
                "n_linkage":[],
                "rot":[
                    [
                        0.15581515431404114,
                        -0.6396445035934448,
                        -0.7527128458023071
                    ],
                    [
                        -0.22900842130184174,
                        -0.7646504044532776,
                        0.6023829579353333
                    ],
                    [
                        -0.960873007774353,
                        0.07851714640855789,
                        -0.26562821865081787
                    ]
                ],
                "tran":[
                    140.5699462890625,
                    37.31575012207031,
                    -93.19062042236328
                ]
            },
            "D49.013":{
                "module_name":"D49",
                "module_type":"single",
                "c_linkage":[
                    {
                        "target_chain_id":"D",
                        "source_chain_id":"A",
                        "target_mod":"D49_aC2_ext.001",
                        "terminus":"c"
                    }
                ],
                "n_linkage":[
                    {
                        "target_chain_id":"A",
                        "source_chain_id":"A",
                        "target_mod":"D49.014",
                        "terminus":"n"
                    }
                ],
                "rot":[
                    [
                        0.918220579624176,
                        0.1367075890302658,
                        -0.3717283308506012
                    ],
                    [
                        0.10370657593011856,
                        0.8228133916854858,
                        0.5587692260742188
                    ],
                    [
                        0.3822510540485382,
                        -0.551624059677124,
                        0.7413467764854431
                    ]
                ],
                "tran":[
                    142.5271759033203,
                    28.195323944091797,
                    67.8410873413086
                ]
            },
            "D49.023":{
                "module_name":"D49",
                "module_type":"single",
                "c_linkage":[
                    {
                        "target_chain_id":"A",
                        "source_chain_id":"A",
                        "target_mod":"D49.020",
                        "terminus":"c"
                    }
                ],
                "n_linkage":[
                    {
                        "target_chain_id":"A",
                        "source_chain_id":"A",
                        "target_mod":"D49.024",
                        "terminus":"n"
                    }
                ],
                "rot":[
                    [
                        -0.22139772772789001,
                        0.6562297940254211,
                        0.7213497757911682
                    ],
                    [
                        0.1628132313489914,
                        0.7541983127593994,
                        -0.6361420750617981
                    ],
                    [
                        -0.9614962339401245,
                        -0.023395109921693802,
                        -0.273820698261261
                    ]
                ],
                "tran":[
                    -143.73406982421875,
                    -54.159576416015625,
                    -62.17082595825195
                ]
            },
            "D49_aC2_ext":{
                "module_name":"D49_aC2_ext",
                "module_type":"hub",
                "c_linkage":[],
                "n_linkage":[
                    {
                        "target_chain_id":"A",
                        "source_chain_id":"C",
                        "target_mod":"D49",
                        "terminus":"n"
                    },
                    {
                        "target_chain_id":"A",
                        "source_chain_id":"D",
                        "target_mod":"D49.003",
                        "terminus":"n"
                    }
                ],
                "rot":[
                    [
                        1.0,
                        -0.0,
                        -1.4901161193847656e-08
                    ],
                    [
                        0.0,
                        1.0,
                        -0.0
                    ],
                    [
                        1.4901161193847656e-08,
                        0.0,
                        1.0
                    ]
                ],
                "tran":[
                    0.0,
                    0.0,
                    0.0
                ]
            },
            "D49.017":{
                "module_name":"D49",
                "module_type":"single",
                "c_linkage":[
                    {
                        "target_chain_id":"A",
                        "source_chain_id":"A",
                        "target_mod":"D49.014",
                        "terminus":"c"
                    }
                ],
                "n_linkage":[
                    {
                        "target_chain_id":"A",
                        "source_chain_id":"A",
                        "target_mod":"D49.018",
                        "terminus":"n"
                    }
                ],
                "rot":[
                    [
                        0.5898446440696716,
                        0.45942050218582153,
                        -0.6640904545783997
                    ],
                    [
                        0.02168980985879898,
                        0.813075602054596,
                        0.5817539095878601
                    ],
                    [
                        0.8072254061698914,
                        -0.35754844546318054,
                        0.46962353587150574
                    ]
                ],
                "tran":[
                    133.33193969726562,
                    28.579429626464844,
                    106.59908294677734
                ]
            },
            "D49.009":{
                "module_name":"D49",
                "module_type":"single",
                "c_linkage":[
                    {
                        "target_chain_id":"C",
                        "source_chain_id":"A",
                        "target_mod":"D49_aC2_ext.001",
                        "terminus":"c"
                    }
                ],
                "n_linkage":[
                    {
                        "target_chain_id":"A",
                        "source_chain_id":"A",
                        "target_mod":"D49.010",
                        "terminus":"n"
                    }
                ],
                "rot":[
                    [
                        0.11175350099802017,
                        -0.8359507918357849,
                        -0.5373058319091797
                    ],
                    [
                        -0.9683236479759216,
                        -0.2131003886461258,
                        0.1301451176404953
                    ],
                    [
                        -0.2232949286699295,
                        0.5057417154312134,
                        -0.8332856893539429
                    ]
                ],
                "tran":[
                    141.65228271484375,
                    12.115079879760742,
                    -20.730010986328125
                ]
            },
            "D49.024":{
                "module_name":"D49",
                "module_type":"single",
                "c_linkage":[
                    {
                        "target_chain_id":"A",
                        "source_chain_id":"A",
                        "target_mod":"D49.023",
                        "terminus":"c"
                    }
                ],
                "n_linkage":[],
                "rot":[
                    [
                        -0.1886661946773529,
                        0.5953603982925415,
                        0.7809938788414001
                    ],
                    [
                        -0.10910537838935852,
                        0.77764493227005,
                        -0.6191643476486206
                    ],
                    [
                        -0.9759618043899536,
                        -0.2020258903503418,
                        -0.08175832778215408
                    ]
                ],
                "tran":[
                    -140.99630737304688,
                    -71.5509262084961,
                    -71.87891387939453
                ]
            },
            "D49":{
                "module_name":"D49",
                "module_type":"single",
                "c_linkage":[
                    {
                        "target_chain_id":"C",
                        "source_chain_id":"A",
                        "target_mod":"D49_aC2_ext",
                        "terminus":"c"
                    }
                ],
                "n_linkage":[
                    {
                        "target_chain_id":"A",
                        "source_chain_id":"A",
                        "target_mod":"D49.001",
                        "terminus":"n"
                    }
                ],
                "rot":[
                    [
                        -0.08005522936582565,
                        0.7394949197769165,
                        -0.6683850884437561
                    ],
                    [
                        -0.8355682492256165,
                        -0.4154108464717865,
                        -0.35952720046043396
                    ],
                    [
                        -0.543522834777832,
                        0.5296993255615234,
                        0.651154100894928
                    ]
                ],
                "tran":[
                    -40.670249938964844,
                    -21.74129867553711,
                    -9.341043472290039
                ]
            },
            "D49_aC2_ext.002":{
                "module_name":"D49_aC2_ext",
                "module_type":"hub",
                "c_linkage":[
                    {
                        "target_chain_id":"A",
                        "source_chain_id":"D",
                        "target_mod":"D49.006",
                        "terminus":"c"
                    }
                ],
                "n_linkage":[
                    {
                        "target_chain_id":"A",
                        "source_chain_id":"C",
                        "target_mod":"D49.008",
                        "terminus":"n"
                    }
                ],
                "rot":[
                    [
                        0.2772493064403534,
                        -0.39081528782844543,
                        0.8777222037315369
                    ],
                    [
                        0.4838859438896179,
                        -0.7324243187904358,
                        -0.4789666533470154
                    ],
                    [
                        0.8300525546073914,
                        0.5575106143951416,
                        -0.013954106718301773
                    ]
                ],
                "tran":[
                    -131.08004760742188,
                    -24.62865447998047,
                    34.0037956237793
                ]
            },
            "D49.006":{
                "module_name":"D49",
                "module_type":"single",
                "c_linkage":[
                    {
                        "target_chain_id":"A",
                        "source_chain_id":"A",
                        "target_mod":"D49.002",
                        "terminus":"c"
                    }
                ],
                "n_linkage":[
                    {
                        "target_chain_id":"D",
                        "source_chain_id":"A",
                        "target_mod":"D49_aC2_ext.002",
                        "terminus":"n"
                    }
                ],
                "rot":[
                    [
                        -0.7806925177574158,
                        0.5274651646614075,
                        -0.3351120948791504
                    ],
                    [
                        -0.5687665939331055,
                        -0.8219013810157776,
                        0.031355053186416626
                    ],
                    [
                        -0.2588903307914734,
                        0.2150791734457016,
                        0.9416564106941223
                    ]
                ],
                "tran":[
                    -97.6279067993164,
                    -27.043781280517578,
                    4.379637718200684
                ]
            },
            "D49.008":{
                "module_name":"D49",
                "module_type":"single",
                "c_linkage":[
                    {
                        "target_chain_id":"C",
                        "source_chain_id":"A",
                        "target_mod":"D49_aC2_ext.002",
                        "terminus":"c"
                    }
                ],
                "n_linkage":[
                    {
                        "target_chain_id":"A",
                        "source_chain_id":"A",
                        "target_mod":"D49.011",
                        "terminus":"n"
                    }
                ],
                "rot":[
                    [
                        -0.17270438373088837,
                        0.8323021531105042,
                        0.5267320871353149
                    ],
                    [
                        0.833582878112793,
                        0.4083792269229889,
                        -0.3719760477542877
                    ],
                    [
                        -0.5247029066085815,
                        0.3748329281806946,
                        -0.7643216848373413
                    ]
                ],
                "tran":[
                    -142.057861328125,
                    -23.910512924194336,
                    -11.745309829711914
                ]
            },
            "D49.003":{
                "module_name":"D49",
                "module_type":"single",
                "c_linkage":[
                    {
                        "target_chain_id":"D",
                        "source_chain_id":"A",
                        "target_mod":"D49_aC2_ext",
                        "terminus":"c"
                    }
                ],
                "n_linkage":[
                    {
                        "target_chain_id":"A",
                        "source_chain_id":"A",
                        "target_mod":"D49.004",
                        "terminus":"n"
                    }
                ],
                "rot":[
                    [
                        0.0992804616689682,
                        -0.6974872350692749,
                        0.7096865177154541
                    ],
                    [
                        0.6042681932449341,
                        0.6089033484458923,
                        0.5139033794403076
                    ],
                    [
                        -0.7905715107917786,
                        0.3778204321861267,
                        0.48192158341407776
                    ]
                ],
                "tran":[
                    40.44743347167969,
                    16.783878326416016,
                    -15.658516883850098
                ]
            },
            "D49.018":{
                "module_name":"D49",
                "module_type":"single",
                "c_linkage":[
                    {
                        "target_chain_id":"A",
                        "source_chain_id":"A",
                        "target_mod":"D49.017",
                        "terminus":"c"
                    }
                ],
                "n_linkage":[],
                "rot":[
                    [
                        0.3502819240093231,
                        0.5692022442817688,
                        -0.7438490986824036
                    ],
                    [
                        -0.011460408568382263,
                        0.7967089414596558,
                        0.6042545437812805
                    ],
                    [
                        0.9365742802619934,
                        -0.2031346559524536,
                        0.28559601306915283
                    ]
                ],
                "tran":[
                    121.28986358642578,
                    28.819551467895508,
                    122.6966552734375
                ]
            },
            "D49.011":{
                "module_name":"D49",
                "module_type":"single",
                "c_linkage":[
                    {
                        "target_chain_id":"A",
                        "source_chain_id":"A",
                        "target_mod":"D49.008",
                        "terminus":"c"
                    }
                ],
                "n_linkage":[
                    {
                        "target_chain_id":"A",
                        "source_chain_id":"A",
                        "target_mod":"D49.020",
                        "terminus":"n"
                    }
                ],
                "rot":[
                    [
                        -0.21310178935527802,
                        0.7793837785720825,
                        0.5891932845115662
                    ],
                    [
                        0.6527906656265259,
                        0.5622668266296387,
                        -0.507661759853363
                    ],
                    [
                        -0.7269471287727356,
                        0.27643629908561707,
                        -0.6285945177078247
                    ]
                ],
                "tran":[
                    -144.04092407226562,
                    -29.364004135131836,
                    -30.99442481994629
                ]
            },
            "D49.021":{
                "module_name":"D49",
                "module_type":"single",
                "c_linkage":[
                    {
                        "target_chain_id":"A",
                        "source_chain_id":"A",
                        "target_mod":"D49.010",
                        "terminus":"c"
                    }
                ],
                "n_linkage":[
                    {
                        "target_chain_id":"A",
                        "source_chain_id":"A",
                        "target_mod":"D49.022",
                        "terminus":"n"
                    }
                ],
                "rot":[
                    [
                        0.17492815852165222,
                        -0.7452692985534668,
                        -0.6434080600738525
                    ],
                    [
                        -0.7005878686904907,
                        -0.5533726811408997,
                        0.450505793094635
                    ],
                    [
                        -0.6917924880981445,
                        0.3719576597213745,
                        -0.6189271807670593
                    ]
                ],
                "tran":[
                    143.63760375976562,
                    14.875140190124512,
                    -60.420345306396484
                ]
            },
            "D49.004":{
                "module_name":"D49",
                "module_type":"single",
                "c_linkage":[
                    {
                        "target_chain_id":"A",
                        "source_chain_id":"A",
                        "target_mod":"D49.003",
                        "terminus":"c"
                    }
                ],
                "n_linkage":[
                    {
                        "target_chain_id":"A",
                        "source_chain_id":"A",
                        "target_mod":"D49.005",
                        "terminus":"n"
                    }
                ],
                "rot":[
                    [
                        0.365697979927063,
                        -0.673139750957489,
                        0.6427657604217529
                    ],
                    [
                        0.5730166435241699,
                        0.7070350050926208,
                        0.41443145275115967
                    ],
                    [
                        -0.7334281802177429,
                        0.21675874292850494,
                        0.6442815661430359
                    ]
                ],
                "tran":[
                    59.90956115722656,
                    21.65906524658203,
                    -16.946807861328125
                ]
            },
            "D49_aC2_ext.001":{
                "module_name":"D49_aC2_ext",
                "module_type":"hub",
                "c_linkage":[
                    {
                        "target_chain_id":"A",
                        "source_chain_id":"D",
                        "target_mod":"D49.007",
                        "terminus":"c"
                    }
                ],
                "n_linkage":[
                    {
                        "target_chain_id":"A",
                        "source_chain_id":"C",
                        "target_mod":"D49.009",
                        "terminus":"n"
                    },
                    {
                        "target_chain_id":"A",
                        "source_chain_id":"D",
                        "target_mod":"D49.013",
                        "terminus":"n"
                    }
                ],
                "rot":[
                    [
                        -0.2680012285709381,
                        0.4470604956150055,
                        -0.8534119725227356
                    ],
                    [
                        -0.16705463826656342,
                        0.8508339524269104,
                        0.49817097187042236
                    ],
                    [
                        0.9488244652748108,
                        0.27607691287994385,
                        -0.15334098041057587
                    ]
                ],
                "tran":[
                    132.50054931640625,
                    28.47259521484375,
                    22.4288330078125
                ]
            }
        }
    },
    "pg_networks":{
        "pg_network.008":{
            "joint":{
                "occupant":"",
                "occupant_parent":"",
                "hinge":"",
                "tx_tol":0.0,
                "rt_tol":[],
                "neighbors":[
                    "joint.001"
                ],
                "rot":[
                    [
                        1.0,
                        0.0,
                        0.0
                    ],
                    [
                        0.0,
                        1.0,
                        0.0
                    ],
                    [
                        0.0,
                        0.0,
                        1.0
                    ]
                ],
                "tran":[
                    -117.80768585205078,
                    8.711225509643555,
                    128.29983520507812
                ]
            },
            "joint.002":{
                "occupant":"",
                "occupant_parent":"",
                "hinge":"",
                "tx_tol":0.0,
                "rt_tol":[],
                "neighbors":[
                    "joint.003",
                    "joint.001"
                ],
                "rot":[
                    [
                        1.0,
                        -3.725290298461914e-09,
                        -2.9802322387695312e-08
                    ],
                    [
                        3.725290298461914e-09,
                        1.0,
                        5.551115123125783e-17
                    ],
                    [
                        2.9802322387695312e-08,
                        -1.6653345369377348e-16,
                        1.0
                    ]
                ],
                "tran":[
                    -137.80946350097656,
                    -3.3859400749206543,
                    96.04351806640625
                ]
            },
            "joint.001":{
                "occupant":"",
                "occupant_parent":"",
                "hinge":"",
                "tx_tol":0.0,
                "rt_tol":[],
                "neighbors":[
                    "joint.002",
                    "joint"
                ],
                "rot":[
                    [
                        1.0,
                        -0.0,
                        -2.9802322387695312e-08
                    ],
                    [
                        0.0,
                        1.0,
                        -0.0
                    ],
                    [
                        2.9802322387695312e-08,
                        0.0,
                        1.0
                    ]
                ],
                "tran":[
                    -130.1718292236328,
                    3.0371034145355225,
                    113.49667358398438
                ]
            },
            "joint.004":{
                "occupant":"D49_aC2_ext.002",
                "occupant_parent":"network.002",
                "hinge":"",
                "tx_tol":0.0,
                "rt_tol":[],
                "neighbors":[
                    "joint.003"
                ],
                "rot":[
                    [
                        1.0,
                        -3.725290298461914e-09,
                        -2.9802322387695312e-08
                    ],
                    [
                        3.725290298461914e-09,
                        1.0,
                        5.551115123125783e-17
                    ],
                    [
                        2.9802322387695312e-08,
                        -1.6653345369377348e-16,
                        1.0
                    ]
                ],
                "tran":[
                    -131.0800323486328,
                    -24.62864875793457,
                    34.0037841796875
                ]
            },
            "joint.003":{
                "occupant":"",
                "occupant_parent":"",
                "hinge":"joint.004",
                "tx_tol":5.0,
                "rt_tol":[],
                "neighbors":[
                    "joint.004",
                    "joint.002"
                ],
                "rot":[
                    [
                        1.0,
