{
    "pg_networks":{
        "pg_network.008":{
            "joint":{
                "occupant":"",
                "occupant_parent":"",
                "hinge":"",
                "tx_tol":0.0,
                "rt_tol":[],
                "neighbors":[
                    "joint.001"
                ],
                "rot":[
                    [
                        1.0,
                        1.862645149230957e-09,
                        0.0
                    ],
                    [
                        -1.862645149230957e-09,
                        1.0,
                        -0.0
                    ],
                    [
                        -0.0,
                        0.0,
                        1.0
                    ]
                ],
                "tran":[
                    -125.6729965209961,
                    20.675859451293945,
                    138.44625854492188
                ]
            },
            "joint.003":{
                "occupant":"",
                "occupant_parent":"",
                "hinge":"joint.004",
                "tx_tol":5.0,
                "rt_tol":[],
                "neighbors":[
                    "joint.004",
                    "joint.002"
                ],
                "rot":[
                    [
                        1.0,
                        1.862645149230957e-09,
                        0.0
                    ],
                    [
                        -1.862645149230957e-09,
                        1.0,
                        -0.0
                    ],
                    [
                        -0.0,
                        0.0,
                        1.0
                    ]
                ],
                "tran":[
                    -144.22422790527344,
                    2.6084213256835938,
                    70.87525939941406
                ]
            },
            "joint.001":{
                "occupant":"",
                "occupant_parent":"",
                "hinge":"",
                "tx_tol":0.0,
                "rt_tol":[],
                "neighbors":[
                    "joint.002",
                    "joint"
                ],
                "rot":[
                    [
                        1.0,
                        1.862645149230957e-09,
                        0.0
                    ],
                    [
                        -1.862645149230957e-09,
                        1.0,
                        -0.0
                    ],
                    [
                        -0.0,
                        0.0,
                        1.0
                    ]
                ],
                "tran":[
                    -137.9942626953125,
                    17.481534957885742,
                    107.30133819580078
                ]
            },
            "joint.002":{
                "occupant":"",
                "occupant_parent":"",
                "hinge":"",
                "tx_tol":0.0,
                "rt_tol":[],
                "neighbors":[
                    "joint.003",
                    "joint.001"
                ],
                "rot":[
                    [
                        1.0,
                        1.862645149230957e-09,
                        0.0
                    ],
                    [
                        -1.862645149230957e-09,
                        1.0,
                        -0.0
                    ],
                    [
                        -0.0,
                        0.0,
                        1.0
                    ]
                ],
                "tran":[
                    -143.80349731445312,
                    10.391287803649902,
                    89.40769958496094
                ]
            },
            "joint.004":{
                "occupant":"D49_aC2_ext.004",
                "occupant_parent":"network.025",
                "hinge":"",
                "tx_tol":0.0,
                "rt_tol":[],
                "neighbors":[
                    "joint.003"
                ],
                "rot":[
                    [
                        1.0,
                        1.862645149230957e-09,
                        0.0
                    ],
                    [
                        -1.862645149230957e-09,
                        1.0,
                        -0.0
                    ],
                    [
                        -0.0,
                        0.0,
                        1.0
                    ]
                ],
                "tran":[
                    -132.45518493652344,
                    -20.144529342651367,
                    31.097335815429688
                ]
            }
        }
    },
    "networks":{
        "network.025":{
            "D49.032":{
                "module_name":"D49",
                "module_type":"single",
                "c_linkage":[
                    {
                        "target_mod":"D49_aC2_ext.004",
                        "source_chain_id":"A",
                        "terminus":"c",
                        "target_chain_id":"D"
                    }
                ],
                "n_linkage":[
                    {
                        "target_mod":"D49.036",
                        "source_chain_id":"A",
                        "terminus":"n",
                        "target_chain_id":"A"
                    }
                ],
                "rot":[
                    [
                        0.1037726104259491,
                        0.8714470267295837,
                        0.4793868362903595
                    ],
                    [
                        0.8048428893089294,
                        0.20960041880607605,
                        -0.555243968963623
                    ],
                    [
                        -0.5843453407287598,
                        0.4434502124786377,
                        -0.6796271800994873
                    ]
                ],
                "tran":[
                    -138.5833740234375,
                    -23.803688049316406,
                    -15.337825775146484
                ]
            },
            "D49.005":{
                "module_name":"D49",
                "module_type":"single",
                "c_linkage":[
                    {
                        "target_mod":"D49.004",
                        "source_chain_id":"A",
                        "terminus":"c",
                        "target_chain_id":"A"
                    }
                ],
                "n_linkage":[
                    {
                        "target_mod":"D49.007",
                        "source_chain_id":"A",
                        "terminus":"n",
                        "target_chain_id":"A"
                    }
                ],
                "rot":[
                    [
                        0.504448652267456,
                        -0.6136627793312073,
                        0.6074122190475464
                    ],
                    [
                        0.5967157483100891,
                        0.7562217116355896,
                        0.2684382200241089
                    ],
                    [
                        -0.6240688562393188,
                        0.22703909873962402,
                        0.7476572394371033
                    ]
                ],
                "tran":[
                    80.0408935546875,
                    24.26375961303711,
                    -19.02828598022461
                ]
            },
            "D49_aC2_24":{
                "module_name":"D49_aC2_24",
                "module_type":"hub",
                "c_linkage":[
                    {
                        "target_mod":"D49.028",
                        "source_chain_id":"A",
                        "terminus":"c",
                        "target_chain_id":"A"
                    }
                ],
                "n_linkage":[],
                "rot":[
                    [
                        0.9805684685707092,
                        -0.01706032268702984,
                        -0.19543400406837463
                    ],
                    [
                        0.15219727158546448,
                        -0.5624130368232727,
                        0.8127284646034241
                    ],
                    [
                        -0.12378004193305969,
                        -0.8266804218292236,
                        -0.5488879084587097
                    ]
                ],
                "tran":[
                    161.7964324951172,
                    9.47075080871582,
                    118.58052062988281
                ]
            },
            "D49.030":{
                "module_name":"D49",
                "module_type":"single",
                "c_linkage":[
                    {
                        "target_mod":"D49.029",
                        "source_chain_id":"A",
                        "terminus":"c",
                        "target_chain_id":"A"
                    }
                ],
                "n_linkage":[
                    {
                        "target_mod":"D49.031",
                        "source_chain_id":"A",
                        "terminus":"n",
                        "target_chain_id":"A"
                    }
                ],
                "rot":[
                    [
                        -0.044813547283411026,
                        -0.6795446872711182,
                        -0.7322642207145691
                    ],
                    [
                        -0.7651489973068237,
                        -0.4479260742664337,
                        0.46250346302986145
                    ],
                    [
                        -0.6422919034957886,
                        0.5810175538063049,
                        -0.4998798668384552
                    ]
                ],
                "tran":[
                    131.82281494140625,
                    21.056102752685547,
                    -59.772193908691406
                ]
            },
            "D49":{
                "module_name":"D49",
                "module_type":"single",
                "c_linkage":[
                    {
                        "target_mod":"D49_aC2_ext.005",
                        "source_chain_id":"A",
                        "terminus":"c",
                        "target_chain_id":"C"
                    }
                ],
                "n_linkage":[
                    {
                        "target_mod":"D49.001",
                        "source_chain_id":"A",
                        "terminus":"n",
                        "target_chain_id":"A"
                    }
                ],
                "rot":[
                    [
                        -0.08005523681640625,
                        0.739494800567627,
                        -0.6683850884437561
                    ],
                    [
                        -0.8355681896209717,
                        -0.4154108166694641,
                        -0.3595270812511444
                    ],
                    [
                        -0.5435227751731873,
                        0.5296992659568787,
                        0.651154100894928
                    ]
                ],
                "tran":[
                    -40.670249938964844,
                    -21.74129867553711,
                    -9.341043472290039
                ]
            },
            "D49.007":{
                "module_name":"D49",
                "module_type":"single",
                "c_linkage":[
                    {
                        "target_mod":"D49.005",
                        "source_chain_id":"A",
                        "terminus":"c",
                        "target_chain_id":"A"
                    }
                ],
                "n_linkage":[
                    {
                        "target_mod":"D49_aC2_ext.003",
                        "source_chain_id":"A",
                        "terminus":"n",
                        "target_chain_id":"D"
                    }
                ],
                "rot":[
                    [
                        0.719754695892334,
                        -0.5132220387458801,
                        0.46750012040138245
                    ],
                    [
                        0.48952195048332214,
                        0.8526943922042847,
                        0.18242956697940826
                    ],
                    [
                        -0.4922615885734558,
                        0.0975470170378685,
                        0.8649642467498779
                    ]
                ],
                "tran":[
                    99.35693359375,
                    23.607284545898438,
                    -13.49106216430664
                ]
            },
            "D49_aC2_24.003":{
                "module_name":"D49_aC2_24",
                "module_type":"hub",
                "c_linkage":[
                    {
                        "target_mod":"D49.037",
                        "source_chain_id":"B",
                        "terminus":"c",
                        "target_chain_id":"A"
                    }
                ],
                "n_linkage":[],
                "rot":[
                    [
                        0.06567941606044769,
                        0.377605140209198,
                        0.9236345887184143
                    ],
                    [
                        -0.8379455804824829,
                        -0.48170992732048035,
                        0.2565213441848755
                    ],
                    [
                        0.5417875051498413,
                        -0.7908036112785339,
                        0.28477388620376587
                    ]
                ],
                "tran":[
                    -138.43551635742188,
                    -64.48993682861328,
                    -75.66958618164062
                ]
            },
            "D49.027":{
                "module_name":"D49",
                "module_type":"single",
                "c_linkage":[
                    {
                        "target_mod":"D49.026",
                        "source_chain_id":"A",
                        "terminus":"c",
                        "target_chain_id":"A"
                    }
                ],
                "n_linkage":[
                    {
                        "target_mod":"D49.028",
                        "source_chain_id":"A",
                        "terminus":"n",
                        "target_chain_id":"A"
                    }
                ],
                "rot":[
                    [
                        0.9493470191955566,
                        0.08276630192995071,
                        -0.30313366651535034
                    ],
                    [
                        0.04173598438501358,
                        0.9229292869567871,
                        0.3827003836631775
                    ],
                    [
                        0.3114456534385681,
                        -0.3759670555591583,
                        0.8727258443832397
                    ]
                ],
                "tran":[
                    166.28787231445312,
                    12.065956115722656,
                    65.54886627197266
                ]
            },
            "D49_aC2_24.001":{
                "module_name":"D49_aC2_24",
                "module_type":"hub",
                "c_linkage":[
                    {
                        "target_mod":"D49.031",
                        "source_chain_id":"A",
                        "terminus":"c",
                        "target_chain_id":"A"
                    }
                ],
                "n_linkage":[],
                "rot":[
                    [
                        0.03161066398024559,
                        0.837924599647522,
                        -0.5448698997497559
                    ],
                    [
                        -0.9682570695877075,
                        -0.10956326872110367,
                        -0.22466465830802917
                    ],
                    [
                        -0.2479497343301773,
                        0.5346759557723999,
                        0.8078629970550537
                    ]
                ],
                "tran":[
                    112.5472640991211,
                    43.510074615478516,
                    -104.08401489257812
                ]
            },
            "D49_aC2_ext.005":{
                "module_name":"D49_aC2_ext",
                "module_type":"hub",
                "c_linkage":[],
                "n_linkage":[
                    {
                        "target_mod":"D49",
                        "source_chain_id":"C",
                        "terminus":"n",
                        "target_chain_id":"A"
                    },
                    {
                        "target_mod":"D49.003",
                        "source_chain_id":"D",
                        "terminus":"n",
                        "target_chain_id":"A"
                    }
                ],
                "rot":[
                    [
                        0.998204231262207,
                        0.05007351562380791,
                        0.03287702798843384
                    ],
                    [
                        -0.048283081501722336,
                        0.9974178671836853,
                        -0.05316304787993431
                    ],
                    [
                        -0.035454198718070984,
                        0.05148017778992653,
                        0.998044490814209
                    ]
                ],
                "tran":[
                    1.0530281066894531,
                    -1.5436947345733643,
                    0.13068079948425293
                ]
            },
            "D49_aC2_ext.003":{
                "module_name":"D49_aC2_ext",
                "module_type":"hub",
                "c_linkage":[
                    {
                        "target_mod":"D49.007",
                        "source_chain_id":"D",
                        "terminus":"c",
                        "target_chain_id":"A"
                    }
                ],
                "n_linkage":[
                    {
                        "target_mod":"D49.026",
                        "source_chain_id":"D",
                        "terminus":"n",
                        "target_chain_id":"A"
                    },
                    {
                        "target_mod":"D49.029",
                        "source_chain_id":"C",
                        "terminus":"n",
                        "target_chain_id":"A"
                    }
                ],
                "rot":[
                    [
                        -0.028206631541252136,
                        0.5257197618484497,
                        -0.8501900434494019
                    ],
                    [
                        -0.39142581820487976,
                        0.7767991423606873,
                        0.4933243691921234
                    ],
                    [
                        0.9197772741317749,
                        0.34670135378837585,
                        0.1838693916797638
                    ]
                ],
                "tran":[
                    138.1087646484375,
                    25.24889373779297,
                    6.592126369476318
                ]
            },
            "D49_aC2_ext.004":{
                "module_name":"D49_aC2_ext",
                "module_type":"hub",
                "c_linkage":[
                    {
                        "target_mod":"D49.006",
                        "source_chain_id":"C",
                        "terminus":"c",
                        "target_chain_id":"A"
                    }
                ],
                "n_linkage":[
                    {
                        "target_mod":"D49.032",
                        "source_chain_id":"D",
                        "terminus":"n",
                        "target_chain_id":"A"
                    }
                ],
                "rot":[
                    [
                        -0.284137487411499,
                        0.7879133224487305,
                        0.546313464641571
                    ],
                    [
                        -0.5628844499588013,
                        0.3241841793060303,
                        -0.7603062987327576
                    ],
                    [
                        -0.7761616110801697,
                        -0.5235429406166077,
                        0.35139134526252747
                    ]
                ],
                "tran":[
                    -132.4552001953125,
                    -20.144529342651367,
                    31.09734535217285
                ]
            },
            "D49.001":{
                "module_name":"D49",
                "module_type":"single",
                "c_linkage":[
                    {
                        "target_mod":"D49",
                        "source_chain_id":"A",
                        "terminus":"c",
                        "target_chain_id":"A"
                    }
                ],
                "n_linkage":[
                    {
                        "target_mod":"D49.002",
                        "source_chain_id":"A",
                        "terminus":"n",
                        "target_chain_id":"A"
                    }
                ],
                "rot":[
                    [
                        -0.3466110825538635,
                        0.7176128029823303,
                        -0.6040634512901306
                    ],
                    [
                        -0.8001171946525574,
                        -0.5622970461845398,
                        -0.20888876914978027
                    ],
                    [
                        -0.48956432938575745,
                        0.41091835498809814,
                        0.7690727114677429
                    ]
                ],
                "tran":[
                    -59.836700439453125,
                    -27.70359992980957,
                    -8.200983047485352
                ]
            },
            "D49.006":{
                "module_name":"D49",
                "module_type":"single",
                "c_linkage":[
                    {
                        "target_mod":"D49.002",
                        "source_chain_id":"A",
                        "terminus":"c",
                        "target_chain_id":"A"
                    }
                ],
                "n_linkage":[
                    {
                        "target_mod":"D49_aC2_ext.004",
                        "source_chain_id":"A",
                        "terminus":"n",
                        "target_chain_id":"C"
                    }
                ],
                "rot":[
                    [
                        -0.780692994594574,
                        0.5274646878242493,
                        -0.3351120948791504
                    ],
                    [
                        -0.5687660574913025,
                        -0.8219018578529358,
                        0.03135520592331886
                    ],
                    [
                        -0.25889039039611816,
                        0.2150791436433792,
                        0.9416564106941223
                    ]
                ],
                "tran":[
                    -97.6279067993164,
                    -27.043777465820312,
                    4.379637718200684
                ]
            },
            "D49.002":{
                "module_name":"D49",
                "module_type":"single",
                "c_linkage":[
                    {
                        "target_mod":"D49.001",
                        "source_chain_id":"A",
                        "terminus":"c",
                        "target_chain_id":"A"
                    }
                ],
                "n_linkage":[
                    {
                        "target_mod":"D49.006",
                        "source_chain_id":"A",
                        "terminus":"n",
                        "target_chain_id":"A"
                    }
                ],
                "rot":[
                    [
                        -0.5862318873405457,
                        0.6450977921485901,
                        -0.4900828003883362
                    ],
                    [
                        -0.7088700532913208,
                        -0.7013184428215027,
                        -0.07520512491464615
                    ],
                    [
                        -0.3922187387943268,
                        0.3033173680305481,
                        0.8684256076812744
                    ]
                ],
                "tran":[
                    -79.32257843017578,
                    -29.462966918945312,
                    -3.5742247104644775
                ]
            },
            "D49.031":{
                "module_name":"D49",
                "module_type":"single",
                "c_linkage":[
                    {
                        "target_mod":"D49.030",
                        "source_chain_id":"A",
                        "terminus":"c",
                        "target_chain_id":"A"
                    }
                ],
                "n_linkage":[
                    {
                        "target_mod":"D49_aC2_24.001",
                        "source_chain_id":"A",
                        "terminus":"n",
                        "target_chain_id":"A"
                    }
                ],
                "rot":[
                    [
                        -0.06544987857341766,
                        -0.6684722304344177,
                        -0.7408517003059387
                    ],
                    [
                        -0.5615277886390686,
                        -0.5890586376190186,
                        0.5811166167259216
                    ],
                    [
                        -0.8248654007911682,
                        0.45404282212257385,
                        -0.33681198954582214
                    ]
                ],
                "tran":[
                    127.60262298583984,
                    28.772733688354492,
                    -77.85105895996094
                ]
            },
            "D49.004":{
                "module_name":"D49",
                "module_type":"single",
                "c_linkage":[
                    {
                        "target_mod":"D49.003",
                        "source_chain_id":"A",
                        "terminus":"c",
                        "target_chain_id":"A"
                    }
                ],
                "n_linkage":[
                    {
                        "target_mod":"D49.005",
                        "source_chain_id":"A",
                        "terminus":"n",
                        "target_chain_id":"A"
                    }
                ],
                "rot":[
                    [
                        0.25095394253730774,
                        -0.6661911010742188,
                        0.7022903561592102
                    ],
                    [
                        0.6648591160774231,
                        0.6459298729896545,
                        0.37514927983283997
                    ],
                    [
                        -0.7035514116287231,
                        0.37277886271476746,
                        0.6050217747688293
                    ]
                ],
                "tran":[
                    60.147666931152344,
                    21.619983673095703,
                    -20.24129867553711
                ]
            },
            "D49.003":{
                "module_name":"D49",
                "module_type":"single",
                "c_linkage":[
                    {
                        "target_mod":"D49_aC2_ext.005",
                        "source_chain_id":"A",
                        "terminus":"c",
                        "target_chain_id":"D"
                    }
                ],
                "n_linkage":[
                    {
                        "target_mod":"D49.004",
                        "source_chain_id":"A",
                        "terminus":"n",
                        "target_chain_id":"A"
                    }
                ],
                "rot":[
                    [
                        -0.021448295563459396,
                        -0.6668116450309753,
                        0.7449177503585815
                    ],
                    [
                        0.6887691617012024,
                        0.5302077531814575,
                        0.4944460391998291
                    ],
                    [
                        -0.7246635556221008,
                        0.5236812829971313,
                        0.44790711998939514
                    ]
                ],
                "tran":[
                    41.1846923828125,
                    15.67899227142334,
                    -17.189729690551758
                ]
            },
            "D49.029":{
                "module_name":"D49",
                "module_type":"single",
                "c_linkage":[
                    {
                        "target_mod":"D49_aC2_ext.003",
                        "source_chain_id":"A",
                        "terminus":"c",
                        "target_chain_id":"C"
                    }
                ],
                "n_linkage":[
                    {
                        "target_mod":"D49.030",
                        "source_chain_id":"A",
                        "terminus":"n",
                        "target_chain_id":"A"
                    }
                ],
                "rot":[
                    [
                        -0.028721164911985397,
                        -0.6937901973724365,
                        -0.7196040749549866
                    ],
                    [
                        -0.9112899899482727,
                        -0.27765610814094543,
                        0.30406802892684937
                    ],
                    [
                        -0.4107620120048523,
                        0.6645012497901917,
                        -0.6242693662643433
                    ]
                ],
                "tran":[
                    135.59133911132812,
                    18.576824188232422,
                    -40.180030822753906
                ]
            },
            "D49.026":{
                "module_name":"D49",
                "module_type":"single",
                "c_linkage":[
                    {
                        "target_mod":"D49_aC2_ext.003",
                        "source_chain_id":"A",
                        "terminus":"c",
                        "target_chain_id":"D"
                    }
                ],
                "n_linkage":[
                    {
                        "target_mod":"D49.027",
                        "source_chain_id":"A",
                        "terminus":"n",
                        "target_chain_id":"A"
                    }
                ],
                "rot":[
                    [
                        0.9884325861930847,
                        -0.10709354281425476,
                        -0.10738716274499893
                    ],
                    [
                        0.13997410237789154,
                        0.9167518615722656,
                        0.3741300106048584
                    ],
                    [
                        0.05838047340512276,
                        -0.3848337233066559,
                        0.9211377501487732
                    ]
                ],
                "tran":[
                    160.9571075439453,
                    15.537393569946289,
                    46.47706985473633
                ]
            },
            "D49.036":{
                "module_name":"D49",
                "module_type":"single",
                "c_linkage":[
                    {
                        "target_mod":"D49.032",
                        "source_chain_id":"A",
                        "terminus":"c",
                        "target_chain_id":"A"
                    }
                ],
                "n_linkage":[
                    {
                        "target_mod":"D49.037",
                        "source_chain_id":"A",
                        "terminus":"n",
                        "target_chain_id":"A"
                    }
                ],
                "rot":[
                    [
                        0.03630729764699936,
                        0.8705571293830872,
                        0.49072641134262085
                    ],
                    [
                        0.6248063445091248,
                        0.3634651005268097,
                        -0.6910212635993958
                    ],
                    [
                        -0.779935359954834,
                        0.33169814944267273,
                        -0.5307331681251526
                    ]
                ],
                "tran":[
                    -140.11355590820312,
                    -30.098289489746094,
                    -34.370384216308594
                ]
            },
            "D49.028":{
                "module_name":"D49",
                "module_type":"single",
                "c_linkage":[
                    {
                        "target_mod":"D49.027",
                        "source_chain_id":"A",
                        "terminus":"c",
                        "target_chain_id":"A"
                    }
                ],
                "n_linkage":[
                    {
                        "target_mod":"D49_aC2_24",
                        "source_chain_id":"A",
                        "terminus":"n",
                        "target_chain_id":"A"
                    }
                ],
                "rot":[
                    [
                        0.8376798629760742,
                        0.26374414563179016,
                        -0.47825878858566284
                    ],
                    [
                        -0.052220672369003296,
                        0.9103385806083679,
                        0.4105565547943115
                    ],
                    [
                        0.5436593294143677,
                        -0.3189399838447571,
                        0.7763451933860779
                    ]
                ],
                "tran":[
                    166.20956420898438,
                    8.081250190734863,
                    85.25463104248047
                ]
            },
            "D49.037":{
                "module_name":"D49",
                "module_type":"single",
                "c_linkage":[
                    {
                        "target_mod":"D49.036",
                        "source_chain_id":"A",
                        "terminus":"c",
                        "target_chain_id":"A"
                    }
                ],
                "n_linkage":[
                    {
                        "target_mod":"D49_aC2_24.003",
                        "source_chain_id":"A",
                        "terminus":"n",
                        "target_chain_id":"B"
                    }
                ],
                "rot":[
                    [
                        -0.026182321831583977,
                        0.856816828250885,
                        0.5149560570716858
                    ],
                    [
                        0.39611291885375977,
                        0.48185765743255615,
                        -0.7816060185432434
                    ],
                    [
                        -0.9178286194801331,
                        0.18351657688617706,
                        -0.35201239585876465
                    ]
                ],
                "tran":[
                    -141.85369873046875,
                    -41.29252624511719,
                    -50.97949981689453
                ]
            }
        }
    }
}