{
    "networks":{
        "network.001":{
            "D49.002":{
                "module_name":"D49",
                "module_type":"single",
                "c_linkage":[
                    {
                        "source_chain_id":"A",
                        "terminus":"c",
                        "target_mod":"D49.001",
                        "target_chain_id":"A"
                    }
                ],
                "n_linkage":[
                    {
                        "source_chain_id":"A",
                        "terminus":"n",
                        "target_mod":"D49.006",
                        "target_chain_id":"A"
                    }
                ],
                "trans":[
                    -79.32257652282715,
                    -29.46296453475952,
                    -3.574225902557373
                ],
                "rot":[
                    [
                        -0.58623206615448,
                        0.6450979113578796,
                        -0.4900829792022705
                    ],
                    [
                        -0.7088702321052551,
                        -0.7013187408447266,
                        -0.07520519196987152
                    ],
                    [
                        -0.3922188878059387,
                        0.30331748723983765,
                        0.8684255480766296
                    ]
                ]
            },
            "D49.020":{
                "module_name":"D49",
                "module_type":"single",
                "c_linkage":[
                    {
                        "source_chain_id":"A",
                        "terminus":"c",
                        "target_mod":"D49.011",
                        "target_chain_id":"A"
                    }
                ],
                "n_linkage":[
                    {
                        "source_chain_id":"A",
                        "terminus":"n",
                        "target_mod":"D49.023",
                        "target_chain_id":"A"
                    }
                ],
                "trans":[
                    -144.6947479248047,
                    -39.72038984298706,
                    -48.21415901184082
                ],
                "rot":[
                    [
                        -0.22975574433803558,
                        0.7191656231880188,
                        0.6557538509368896
                    ],
                    [
                        0.42338457703590393,
                        0.6805390119552612,
                        -0.5980067849159241
                    ],
                    [
                        -0.8763320446014404,
                        0.1402405947446823,
                        -0.46084141731262207
                    ]
                ]
            },
            "D49.011":{
                "module_name":"D49",
                "module_type":"single",
                "c_linkage":[
                    {
                        "source_chain_id":"A",
                        "terminus":"c",
                        "target_mod":"D49.008",
                        "target_chain_id":"A"
                    }
                ],
                "n_linkage":[
                    {
                        "source_chain_id":"A",
                        "terminus":"n",
                        "target_mod":"D49.020",
                        "target_chain_id":"A"
                    }
                ],
                "trans":[
                    -144.04090881347656,
                    -29.364001750946045,
                    -30.99442481994629
                ],
                "rot":[
                    [
                        -0.2131018340587616,
                        0.7793840765953064,
                        0.5891929268836975
                    ],
                    [
                        0.6527906656265259,
                        0.5622665882110596,
                        -0.5076619982719421
                    ],
                    [
                        -0.7269471883773804,
                        0.2764359414577484,
                        -0.628594696521759
                    ]
                ]
            },
            "D49.001":{
                "module_name":"D49",
                "module_type":"single",
                "c_linkage":[
                    {
                        "source_chain_id":"A",
                        "terminus":"c",
                        "target_mod":"D49",
                        "target_chain_id":"A"
                    }
                ],
                "n_linkage":[
                    {
                        "source_chain_id":"A",
                        "terminus":"n",
                        "target_mod":"D49.002",
                        "target_chain_id":"A"
                    }
                ],
                "trans":[
                    -59.83670234680176,
                    -27.70359754562378,
                    -8.200985193252563
                ],
                "rot":[
                    [
                        -0.346611350774765,
                        0.7176125645637512,
                        -0.6040635108947754
                    ],
                    [
                        -0.8001171946525574,
                        -0.5622971057891846,
                        -0.20888827741146088
                    ],
                    [
                        -0.48956406116485596,
                        0.41091853380203247,
                        0.7690728306770325
                    ]
                ]
            },
            "D49.008":{
                "module_name":"D49",
                "module_type":"single",
                "c_linkage":[
                    {
                        "source_chain_id":"A",
                        "terminus":"c",
                        "target_mod":"D49_aC2_ext.002",
                        "target_chain_id":"C"
                    }
                ],
                "n_linkage":[
                    {
                        "source_chain_id":"A",
                        "terminus":"n",
                        "target_mod":"D49.011",
                        "target_chain_id":"A"
                    }
                ],
                "trans":[
                    -142.0578384399414,
                    -23.910510540008545,
                    -11.74531102180481
                ],
                "rot":[
                    [
                        -0.17270438373088837,
                        0.8323019742965698,
                        0.5267322063446045
                    ],
                    [
                        0.833582878112793,
                        0.40837934613227844,
                        -0.3719758093357086
                    ],
                    [
                        -0.524702787399292,
                        0.3748331069946289,
                        -0.7643215656280518
                    ]
                ]
            },
            "D49_aC2_ext.002":{
                "module_name":"D49_aC2_ext",
                "module_type":"hub",
                "c_linkage":[
                    {
                        "source_chain_id":"D",
                        "terminus":"c",
                        "target_mod":"D49.006",
                        "target_chain_id":"A"
                    }
                ],
                "n_linkage":[
                    {
                        "source_chain_id":"C",
                        "terminus":"n",
                        "target_mod":"D49.008",
                        "target_chain_id":"A"
                    }
                ],
                "trans":[
                    -131.08003616333008,
                    -24.62865114212036,
                    34.00379419326782
                ],
                "rot":[
                    [
                        0.2772497236728668,
                        -0.3908154368400574,
                        0.877721905708313
                    ],
                    [
                        0.48388606309890747,
                        -0.7324238419532776,
                        -0.47896698117256165
                    ],
                    [
                        0.8300522565841675,
                        0.5575108528137207,
                        -0.01395410392433405
                    ]
                ]
            },
            "D49.023":{
                "module_name":"D49",
                "module_type":"single",
                "c_linkage":[
                    {
                        "source_chain_id":"A",
                        "terminus":"c",
                        "target_mod":"D49.020",
                        "target_chain_id":"A"
                    }
                ],
                "n_linkage":[
                    {
                        "source_chain_id":"A",
                        "terminus":"n",
                        "target_mod":"D49.024",
                        "target_chain_id":"A"
                    }
                ],
                "trans":[
                    -143.7340545654297,
                    -54.15957450866699,
                    -62.17082977294922
                ],
                "rot":[
                    [
                        -0.22139780223369598,
                        0.6562293767929077,
                        0.7213501334190369
                    ],
                    [
                        0.1628130078315735,
                        0.7541986703872681,
                        -0.6361417174339294
                    ],
                    [
                        -0.9614961743354797,
                        -0.023395191878080368,
                        -0.2738206088542938
                    ]
                ]
            },
            "D49":{
                "module_name":"D49",
                "module_type":"single",
                "c_linkage":[
                    {
                        "source_chain_id":"A",
                        "terminus":"c",
                        "target_mod":"D49_aC2_ext",
                        "target_chain_id":"C"
                    }
                ],
                "n_linkage":[
                    {
                        "source_chain_id":"A",
                        "terminus":"n",
                        "target_mod":"D49.001",
                        "target_chain_id":"A"
                    }
                ],
                "trans":[
                    -40.67025184631348,
                    -21.741297245025635,
                    -9.341044425964355
                ],
                "rot":[
                    [
                        -0.0800548642873764,
                        0.7394949197769165,
                        -0.6683849692344666
                    ],
                    [
                        -0.8355681896209717,
                        -0.4154105484485626,
                        -0.3595274090766907
                    ],
                    [
                        -0.543522834777832,
                        0.5296992659568787,
                        0.6511540412902832
                    ]
                ]
            },
            "D49.024":{
                "module_name":"D49",
                "module_type":"single",
                "c_linkage":[
                    {
                        "source_chain_id":"A",
                        "terminus":"c",
                        "target_mod":"D49.023",
                        "target_chain_id":"A"
                    }
                ],
                "n_linkage":[],
                "trans":[
                    -140.99628448486328,
                    -71.55092239379883,
                    -71.87891960144043
                ],
                "rot":[
                    [
                        -0.18866577744483948,
                        0.595360279083252,
                        0.7809938192367554
                    ],
                    [
                        -0.1091054230928421,
                        0.7776449918746948,
                        -0.6191641688346863
                    ],
                    [
                        -0.9759616851806641,
                        -0.20202575623989105,
                        -0.08175796270370483
                    ]
                ]
            },
            "D49_aC2_ext":{
                "module_name":"D49_aC2_ext",
                "module_type":"hub",
                "c_linkage":[],
                "n_linkage":[
                    {
                        "source_chain_id":"C",
                        "terminus":"n",
                        "target_mod":"D49",
                        "target_chain_id":"A"
                    }
                ],
                "trans":[
                    9.5367431640625e-06,
                    2.384185791015625e-06,
                    -1.1920928955078125e-06
                ],
                "rot":[
                    [
                        1.0,
                        -0.0,
                        -1.4901161193847656e-08
                    ],
                    [
                        0.0,
                        1.0,
                        -0.0
                    ],
                    [
                        1.4901161193847656e-08,
                        0.0,
                        1.0
                    ]
                ]
            },
            "D49.006":{
                "module_name":"D49",
                "module_type":"single",
                "c_linkage":[
                    {
                        "source_chain_id":"A",
                        "terminus":"c",
                        "target_mod":"D49.002",
                        "target_chain_id":"A"
                    }
                ],
                "n_linkage":[
                    {
                        "source_chain_id":"A",
                        "terminus":"n",
                        "target_mod":"D49_aC2_ext.002",
                        "target_chain_id":"D"
                    }
                ],
                "trans":[
                    -97.62788772583008,
                    -27.043778896331787,
                    4.379637241363525
                ],
                "rot":[
                    [
                        -0.7806929349899292,
                        0.5274645686149597,
                        -0.3351120054721832
                    ],
                    [
                        -0.5687659382820129,
                        -0.8219018578529358,
                        0.03135494515299797
                    ],
                    [
                        -0.2588904798030853,
                        0.21507884562015533,
                        0.9416564106941223
                    ]
                ]
            }
        },
        "network":{
            "D49.018":{
                "module_name":"D49",
                "module_type":"single",
                "c_linkage":[
                    {
                        "source_chain_id":"A",
                        "terminus":"c",
                        "target_mod":"D49.017",
                        "target_chain_id":"A"
                    }
                ],
                "n_linkage":[],
                "trans":[
                    121.28986358642578,
                    28.819549083709717,
                    122.69665718078613
                ],
                "rot":[
                    [
                        0.35028186440467834,
                        0.5692024230957031,
                        -0.743848979473114
                    ],
                    [
                        -0.011460438370704651,
                        0.7967088222503662,
                        0.6042546629905701
                    ],
                    [
                        0.9365742802619934,
                        -0.20313462615013123,
                        0.28559595346450806
                    ]
                ]
            },
            "D49_aC2_ext.001":{
                "module_name":"D49_aC2_ext",
                "module_type":"hub",
                "c_linkage":[],
                "n_linkage":[
                    {
                        "source_chain_id":"C",
                        "terminus":"n",
                        "target_mod":"D49.009",
                        "target_chain_id":"A"
                    },
                    {
                        "source_chain_id":"D",
                        "terminus":"n",
                        "target_mod":"D49.013",
                        "target_chain_id":"A"
                    }
                ],
                "trans":[
                    132.5005340576172,
                    28.47259283065796,
                    22.428832054138184
                ],
                "rot":[
                    [
                        -0.2680017352104187,
                        0.44705986976623535,
                        -0.8534122705459595
                    ],
                    [
                        -0.1670546531677246,
                        0.8508342504501343,
                        0.4981704354286194
                    ],
                    [
                        0.948824405670166,
                        0.2760770618915558,
                        -0.1533416211605072
                    ]
                ]
            },
            "D49.009":{
                "module_name":"D49",
                "module_type":"single",
                "c_linkage":[
                    {
                        "source_chain_id":"A",
                        "terminus":"c",
                        "target_mod":"D49_aC2_ext.001",
                        "target_chain_id":"C"
                    }
                ],
                "n_linkage":[
                    {
                        "source_chain_id":"A",
                        "terminus":"n",
                        "target_mod":"D49.010",
                        "target_chain_id":"A"
                    }
                ],
                "trans":[
                    141.65227890014648,
                    12.11507797241211,
                    -20.730009078979492
                ],
                "rot":[
                    [
                        0.11175358295440674,
                        -0.8359509110450745,
                        -0.5373056530952454
                    ],
                    [
                        -0.9683235287666321,
                        -0.2131006270647049,
                        0.13014547526836395
                    ],
                    [
                        -0.22329533100128174,
                        0.5057414174079895,
                        -0.8332856893539429
                    ]
                ]
            },
            "D49.025":{
                "module_name":"D49",
                "module_type":"single",
                "c_linkage":[
                    {
                        "source_chain_id":"A",
                        "terminus":"c",
                        "target_mod":"D49.022",
                        "target_chain_id":"A"
                    }
                ],
                "n_linkage":[],
                "trans":[
                    140.5699348449707,
                    37.31574773788452,
                    -93.19062232971191
                ],
                "rot":[
                    [
                        0.15581472218036652,
                        -0.6396466493606567,
                        -0.752711296081543
                    ],
                    [
                        -0.22900845110416412,
                        -0.764648973941803,
                        0.6023851037025452
                    ],
                    [
                        -0.9608731865882874,
                        0.0785166472196579,
                        -0.26562830805778503
                    ]
                ]
            },
            "D49.014":{
                "module_name":"D49",
                "module_type":"single",
                "c_linkage":[
                    {
                        "source_chain_id":"A",
                        "terminus":"c",
                        "target_mod":"D49.013",
                        "target_chain_id":"A"
                    }
                ],
                "n_linkage":[
                    {
                        "source_chain_id":"A",
                        "terminus":"n",
                        "target_mod":"D49.017",
                        "target_chain_id":"A"
                    }
                ],
                "trans":[
                    140.59024810791016,
                    28.450262546539307,
                    87.85070419311523
                ],
                "rot":[
                    [
                        0.7840822339057922,
                        0.3115054666996002,
                        -0.5368234515190125
                    ],
                    [
                        0.061077386140823364,
                        0.8220034241676331,
                        0.5661978125572205
                    ],
                    [
                        0.6176444292068481,
                        -0.47673338651657104,
                        0.6254923343658447
                    ]
                ]
            },
            "D49.010":{
                "module_name":"D49",
                "module_type":"single",
                "c_linkage":[
                    {
                        "source_chain_id":"A",
                        "terminus":"c",
                        "target_mod":"D49.009",
                        "target_chain_id":"A"
                    }
                ],
                "n_linkage":[
                    {
                        "source_chain_id":"A",
                        "terminus":"n",
                        "target_mod":"D49.021",
                        "target_chain_id":"A"
                    }
                ],
                "trans":[
                    143.15046310424805,
                    10.811941623687744,
                    -40.73647975921631
                ],
                "rot":[
                    [
                        0.15299183130264282,
                        -0.794384777545929,
                        -0.5878317952156067
                    ],
                    [
                        -0.8667505979537964,
                        -0.39359423518180847,
                        0.3063115179538727
                    ],
                    [
                        -0.47469645738601685,
                        0.4626404643058777,
                        -0.7487501502037048
                    ]
                ]
            },
            "D49.022":{
                "module_name":"D49",
                "module_type":"single",
                "c_linkage":[
                    {
                        "source_chain_id":"A",
                        "terminus":"c",
                        "target_mod":"D49.021",
                        "target_chain_id":"A"
                    }
                ],
                "n_linkage":[
                    {
                        "source_chain_id":"A",
                        "terminus":"n",
                        "target_mod":"D49.025",
                        "target_chain_id":"A"
                    }
                ],
                "trans":[
                    142.83700942993164,
                    23.95383596420288,
                    -78.34066390991211
                ],
                "rot":[
                    [
                        0.17589335143566132,
                        -0.6923503279685974,
                        -0.6997944712638855
                    ],
                    [
                        -0.48248007893562317,
                        -0.6802713871002197,
                        0.5517637729644775
                    ],
                    [
                        -0.8580642342567444,
                        0.24058543145656586,
                        -0.45370030403137207
                    ]
                ]
            },
            "D49.021":{
                "module_name":"D49",
                "module_type":"single",
                "c_linkage":[
                    {
                        "source_chain_id":"A",
                        "terminus":"c",
                        "target_mod":"D49.010",
                        "target_chain_id":"A"
                    }
                ],
                "n_linkage":[
                    {
                        "source_chain_id":"A",
                        "terminus":"n",
                        "target_mod":"D49.022",
                        "target_chain_id":"A"
                    }
                ],
                "trans":[
                    143.63759994506836,
                    14.87513780593872,
                    -60.4203462600708
                ],
                "rot":[
                    [
                        0.17492519319057465,
                        -0.7452707290649414,
                        -0.6434071660041809
                    ],
                    [
                        -0.7005869746208191,
                        -0.553371012210846,
                        0.4505091905593872
                    ],
                    [
                        -0.6917941570281982,
                        0.3719572424888611,
                        -0.6189255714416504
                    ]
                ]
            },
            "D49.017":{
                "module_name":"D49",
                "module_type":"single",
                "c_linkage":[
                    {
                        "source_chain_id":"A",
                        "terminus":"c",
                        "target_mod":"D49.014",
                        "target_chain_id":"A"
                    }
                ],
                "n_linkage":[
                    {
                        "source_chain_id":"A",
                        "terminus":"n",
                        "target_mod":"D49.018",
                        "target_chain_id":"A"
                    }
                ],
                "trans":[
                    133.33194732666016,
                    28.57942819595337,
                    106.59908294677734
                ],
                "rot":[
                    [
                        0.5898446440696716,
                        0.4594205319881439,
                        -0.6640904545783997
                    ],
                    [
                        0.02168983593583107,
                        0.8130755424499512,
                        0.5817539691925049
                    ],
                    [
                        0.8072254061698914,
                        -0.35754847526550293,
                        0.46962350606918335
                    ]
                ]
            },
            "D49.013":{
                "module_name":"D49",
                "module_type":"single",
                "c_linkage":[
                    {
                        "source_chain_id":"A",
                        "terminus":"c",
                        "target_mod":"D49_aC2_ext.001",
                        "target_chain_id":"D"
                    }
                ],
                "n_linkage":[
                    {
                        "source_chain_id":"A",
                        "terminus":"n",
                        "target_mod":"D49.014",
                        "target_chain_id":"A"
                    }
                ],
                "trans":[
                    142.52716064453125,
                    28.195321559906006,
                    67.84108638763428
                ],
                "rot":[
                    [
                        0.9182206392288208,
                        0.13670755922794342,
                        -0.3717283308506012
                    ],
                    [
                        0.10370659828186035,
                        0.8228133916854858,
                        0.558769166469574
                    ],
                    [
                        0.3822510242462158,
                        -0.551624059677124,
                        0.7413467764854431
                    ]
                ]
            }
        }
    },
    "pg_networks":{
        "pg_network.002":{
            "joint.006":{
                "occupant":"",
                "occupant_parent":"",
                "hinge":"joint.005",
                "tx_tol":5.0,
                "rt_tol":[],
                "neighbours":[
                    "joint.007",
                    "joint.005"
                ],
                "trans":[
                    98.08311462402344,
                    22.964978218078613,
                    -5.634968280792236
                ],
                "rot":[
                    [
                        1.0,
                        0.0,
                        0.0
                    ],
                    [
                        0.0,
                        1.0,
                        0.0
                    ],
                    [
                        0.0,
                        0.0,
                        1.0
                    ]
                ]
            },
            "joint.007":{
                "occupant":"",
                "occupant_parent":"",
                "hinge":"",
                "tx_tol":0.0,
                "rt_tol":[],
                "neighbours":[
                    "joint.008",
                    "joint.006"
                ],
                "trans":[
                    79.62214469909668,
                    23.700051307678223,
                    -13.563032150268555
                ],
                "rot":[
                    [
                        1.0,
                        0.0,
                        0.0
                    ],
                    [
                        0.0,
                        1.0,
                        0.0
                    ],
                    [
                        0.0,
                        0.0,
                        1.0
                    ]
                ]
            },
            "joint.005":{
                "occupant":"D49_aC2_ext.001",
                "occupant_parent":"network",
                "hinge":"",
                "tx_tol":0.0,
                "rt_tol":[],
                "neighbours":[
                    "joint.006"
                ],
                "trans":[
                    132.5005340576172,
                    28.47259521484375,
                    22.428832054138184
                ],
                "rot":[
                    [
                        1.0,
                        0.0,
                        0.0
                    ],
                    [
                        0.0,
                        1.0,
                        0.0
                    ],
                    [
                        0.0,
                        0.0,
                        1.0
                    ]
                ]
            },
            "joint.009":{
                "occupant":"",
                "occupant_parent":"",
                "hinge":"joint.010",
                "tx_tol":5.0,
                "rt_tol":[],
                "neighbours":[
                    "joint.010",
                    "joint.008"
                ],
                "trans":[
                    40.447425842285156,
                    16.783876419067383,
                    -15.658516883850098
                ],
                "rot":[
                    [
                        1.0,
                        0.0,
                        0.0
                    ],
                    [
                        0.0,
                        1.0,
                        0.0
                    ],
                    [
                        0.0,
                        0.0,
                        1.0
                    ]
                ]
            },
            "joint.010":{
                "occupant":"D49_aC2_ext",
                "occupant_parent":"network.001",
                "hinge":"",
                "tx_tol":0.0,
                "rt_tol":[],
                "neighbours":[
                    "joint.009"
                ],
                "trans":[
                    0.0,
                    -1.1920928955078125e-06,
                    0.0
                ],
                "rot":[
                    [
                        1.0,
                        0.0,
                        0.0
                    ],
                    [
                        0.0,
                        1.0,
                        0.0
                    ],
                    [
                        0.0,
                        0.0,
                        1.0
                    ]
                ]
            },
            "joint.008":{
                "occupant":"",
                "occupant_parent":"",
                "hinge":"",
                "tx_tol":0.0,
                "rt_tol":[],
                "neighbours":[
                    "joint.009",
                    "joint.007"
                ],
                "trans":[
                    59.90955352783203,
                    21.659064292907715,
                    -16.94680690765381
                ],
                "rot":[
                    [
                        1.0,
                        2.9802322387695312e-08,
                        0.0
                    ],
                    [
                        -2.9802322387695312e-08,
                        1.0,
                        -0.0
                    ],
                    [
                        -0.0,
                        0.0,
                        1.0
                    ]
                ]
            }
        },
        "pg_network.001":{
            "joint.002":{
                "occupant":"",
                "occupant_parent":"",
                "hinge":"",
                "tx_tol":0.0,
                "rt_tol":[],
                "neighbours":[
                    "joint.003",
                    "joint.001"
                ],
                "trans":[
                    -130.17183303833008,
                    3.0371034145355225,
                    113.49667549133301
                ],
                "rot":[
                    [
                        1.0,
                        -3.725290298461914e-09,
                        2.6645352591003757e-15
                    ],
                    [
                        3.725290298461914e-09,
                        1.0,
                        -2.220446049250313e-16
                    ],
                    [
                        -2.6645352591003757e-15,
                        2.220446049250313e-16,
                        1.0
                    ]
                ]
            },
            "joint":{
                "occupant":"",
                "occupant_parent":"",
                "hinge":"joint.004",
                "tx_tol":5.0,
                "rt_tol":[],
                "neighbours":[
                    "joint.001",
                    "joint.004"
                ],
                "trans":[
                    -140.16921997070312,
                    -9.849702715873718,
                    77.15295791625977
                ],
                "rot":[
                    [
                        1.0,
                        -3.725290298461914e-09,
                        -2.9802322387695312e-08
                    ],
                    [
                        3.725290298461914e-09,
                        1.0,
                        5.551115123125783e-17
                    ],
                    [
                        2.9802322387695312e-08,
                        -1.6653345369377348e-16,
                        1.0
                    ]
                ]
            },
            "joint.001":{
                "occupant":"",
                "occupant_parent":"",
                "hinge":"",
                "tx_tol":0.0,
                "rt_tol":[],
                "neighbours":[
                    "joint.002",
                    "joint"
                ],
                "trans":[
                    -137.80945777893066,
                    -3.3859407901763916,
                    96.04351997375488
                ],
                "rot":[
                    [
                        1.0,
                        -3.725290298461914e-09,
                        8.881784197001252e-16
                    ],
                    [
                        3.725290298461914e-09,
                        1.0,
                        1.6543612251060553e-24
                    ],
                    [
                        -8.881784197001252e-16,
                        1.6543612251060553e-24,
                        1.0
                    ]
                ]
            },
            "joint.003":{
                "occupant":"",
                "occupant_parent":"",
                "hinge":"",
                "tx_tol":0.0,
                "rt_tol":[],
                "neighbours":[
                    "joint.002"
                ],
                "trans":[
                    -117.80767440795898,
                    8.711225390434265,
                    128.2998275756836
                ],
                "rot":[
                    [
                        1.0,
                        -3.725290298461914e-09,
                        2.980232594040899e-08
                    ],
                    [
                        3.725290298461914e-09,
                        1.0,
                        -5.5511144613812927e-17
                    ],
                    [
                        -2.980232594040899e-08,
                        1.6653346692866328e-16,
                        1.0
                    ]
                ]
            },
            "joint.004":{
                "occupant":"D49_aC2_ext.002",
                "occupant_parent":"network.001",
                "hinge":"",
                "tx_tol":0.0,
                "rt_tol":[],
                "neighbours":[
                    "joint"
                ],
                "trans":[
                    -131.08003616333008,
                    -24.62864875793457,
                    34.00378227233887
                ],
                "rot":[
                    [
                        1.0,
                        -3.725290298461914e-09,
                        -2.9802322387695312e-08
