{
    "pg_networks":{
        "pg_network.019":{
            "joint.001":{
                "occupant":"",
                "occupant_parent":"",
                "hinge":"joint",
                "tx_tol":5.0,
                "rt_tol":[],
                "neighbors":[
                    "joint",
                    "joint.002"
                ],
                "rot":[
                    [
                        1.0,
                        1.4901161193847656e-08,
                        3.725290742551124e-09
                    ],
                    [
                        -1.4901161193847656e-08,
                        1.0,
                        2.7755572306906463e-17
                    ],
                    [
                        -3.725290742551124e-09,
                        -8.326673346433164e-17,
                        1.0
                    ]
                ],
                "tran":[
                    79.62215423583984,
                    23.700048446655273,
                    -13.563032150268555
                ]
            },
            "joint.005":{
                "occupant":"",
                "occupant_parent":"",
                "hinge":"",
                "tx_tol":0.0,
                "rt_tol":[],
                "neighbors":[
                    "joint.006",
                    "joint.004"
                ],
                "rot":[
                    [
                        1.0,
                        0.0,
                        3.725290742551124e-09
                    ],
                    [
                        0.0,
                        1.0,
                        0.0
                    ],
                    [
                        -3.725290742551124e-09,
                        0.0,
                        1.0
                    ]
                ],
                "tran":[
                    -40.67024612426758,
                    -21.74129867553711,
                    -9.341041564941406
                ]
            },
            "joint.003":{
                "occupant":"",
                "occupant_parent":"",
                "hinge":"",
                "tx_tol":0.0,
                "rt_tol":[],
                "neighbors":[
                    "joint.002",
                    "joint.006"
                ],
                "rot":[
                    [
                        1.0,
                        1.4901161193847656e-08,
                        3.725290742551124e-09
                    ],
                    [
                        -1.4901161193847656e-08,
                        1.0,
                        2.7755572306906463e-17
                    ],
                    [
                        -3.725290742551124e-09,
                        -8.326673346433164e-17,
                        1.0
                    ]
                ],
                "tran":[
                    40.44743347167969,
                    16.783878326416016,
                    -15.658516883850098
                ]
            },
            "joint.002":{
                "occupant":"",
                "occupant_parent":"",
                "hinge":"",
                "tx_tol":0.0,
                "rt_tol":[],
                "neighbors":[
                    "joint.001",
                    "joint.003"
                ],
                "rot":[
                    [
                        1.0,
                        1.4901161193847656e-08,
                        3.725290742551124e-09
                    ],
                    [
                        -1.4901161193847656e-08,
                        1.0,
                        2.7755572306906463e-17
                    ],
                    [
                        -3.725290742551124e-09,
                        -8.326673346433164e-17,
                        1.0
                    ]
                ],
                "tran":[
                    59.90956115722656,
                    21.659061431884766,
                    -16.946807861328125
                ]
            },
            "joint":{
                "occupant":"D49.007",
                "occupant_parent":"network.018",
                "hinge":"",
                "tx_tol":0.0,
                "rt_tol":[],
                "neighbors":[
                    "joint.001"
                ],
                "rot":[
                    [
                        1.0,
                        1.4901161193847656e-08,
                        3.725290742551124e-09
                    ],
                    [
                        -1.4901161193847656e-08,
                        1.0,
                        2.7755572306906463e-17
                    ],
                    [
                        -3.725290742551124e-09,
                        -8.326673346433164e-17,
                        1.0
                    ]
                ],
                "tran":[
                    98.0831069946289,
                    22.964975357055664,
                    -5.634969711303711
                ]
            },
            "joint.004":{
                "occupant":"",
                "occupant_parent":"",
                "hinge":"",
                "tx_tol":0.0,
                "rt_tol":[],
                "neighbors":[
                    "joint.005",
                    "joint.008"
                ],
                "rot":[
                    [
                        1.0,
                        0.0,
                        3.725290742551124e-09
                    ],
                    [
                        0.0,
                        1.0,
                        0.0
                    ],
                    [
                        -3.725290742551124e-09,
                        0.0,
                        1.0
                    ]
                ],
                "tran":[
                    -59.83669662475586,
                    -27.703601837158203,
                    -8.200983047485352
                ]
            },
            "joint.006":{
                "occupant":"",
                "occupant_parent":"",
                "hinge":"",
                "tx_tol":0.0,
                "rt_tol":[],
                "neighbors":[
                    "joint.003",
                    "joint.005"
                ],
                "rot":[
                    [
                        1.0,
                        0.0,
                        3.725290742551124e-09
                    ],
                    [
                        0.0,
                        1.0,
                        0.0
                    ],
                    [
                        -3.725290742551124e-09,
                        0.0,
                        1.0
                    ]
                ],
                "tran":[
                    -2.384185791015625e-06,
                    0.0,
                    0.0
                ]
            },
            "joint.009":{
                "occupant":"",
                "occupant_parent":"",
                "hinge":"joint.010",
                "tx_tol":5.0,
                "rt_tol":[],
                "neighbors":[
                    "joint.007",
                    "joint.010"
                ],
                "rot":[
                    [
                        1.0,
                        0.0,
                        3.725290742551124e-09
                    ],
                    [
                        0.0,
                        1.0,
                        0.0
                    ],
                    [
                        -3.725290742551124e-09,
                        0.0,
                        1.0
                    ]
                ],
                "tran":[
                    -118.8832778930664,
                    -24.916400909423828,
                    14.495133399963379
                ]
            },
            "joint.007":{
                "occupant":"",
                "occupant_parent":"",
                "hinge":"",
                "tx_tol":0.0,
                "rt_tol":[],
                "neighbors":[
                    "joint.008",
                    "joint.009"
                ],
                "rot":[
                    [
                        1.0,
                        0.0,
                        3.725290742551124e-09
                    ],
                    [
                        0.0,
                        1.0,
                        0.0
                    ],
                    [
                        -3.725290742551124e-09,
                        0.0,
                        1.0
                    ]
                ],
                "tran":[
                    -97.62789916992188,
                    -27.043779373168945,
                    4.379641532897949
                ]
            },
            "joint.010":{
                "occupant":"D8",
                "occupant_parent":"network.011",
                "hinge":"",
                "tx_tol":0.0,
                "rt_tol":[],
                "neighbors":[
                    "joint.009"
                ],
                "rot":[
                    [
                        1.0,
                        0.0,
                        3.725290742551124e-09
                    ],
                    [
                        0.0,
                        1.0,
                        0.0
                    ],
                    [
                        -3.725290742551124e-09,
                        0.0,
                        1.0
                    ]
                ],
                "tran":[
                    -139.05844116210938,
                    -28.08885383605957,
                    22.242321014404297
                ]
            },
            "joint.008":{
                "occupant":"",
                "occupant_parent":"",
                "hinge":"",
                "tx_tol":0.0,
                "rt_tol":[],
                "neighbors":[
                    "joint.004",
                    "joint.007"
                ],
                "rot":[
                    [
                        1.0,
                        0.0,
                        3.725290742551124e-09
                    ],
                    [
                        0.0,
                        1.0,
                        0.0
                    ],
                    [
                        -3.725290742551124e-09,
                        0.0,
                        1.0
                    ]
                ],
                "tran":[
                    -79.32257843017578,
                    -29.462968826293945,
                    -3.574221134185791
                ]
            }
        }
    },
    "networks":{
        "network.018":{
            "D49.018":{
                "module_name":"D49",
                "module_type":"single",
                "c_linkage":[
                    {
                        "target_mod":"D49.017",
                        "terminus":"c",
                        "target_chain_id":"A",
                        "source_chain_id":"A"
                    }
                ],
                "n_linkage":[],
                "rot":[
                    [
                        0.3502814769744873,
                        0.5692028403282166,
                        -0.7438487410545349
                    ],
                    [
                        -0.011460295878350735,
                        0.7967085242271423,
                        0.6042550802230835
                    ],
                    [
                        0.9365743398666382,
                        -0.20313462615013123,
                        0.28559547662734985
                    ]
                ],
                "tran":[
                    121.28985595703125,
                    28.81954574584961,
                    122.6966552734375
                ]
            },
            "D49.017":{
                "module_name":"D49",
                "module_type":"single",
                "c_linkage":[
                    {
                        "target_mod":"D49.014",
                        "terminus":"c",
                        "target_chain_id":"A",
                        "source_chain_id":"A"
                    }
                ],
                "n_linkage":[
                    {
                        "target_mod":"D49.018",
                        "terminus":"n",
                        "target_chain_id":"A",
                        "source_chain_id":"A"
                    }
                ],
                "rot":[
                    [
                        0.5898446440696716,
                        0.4594205319881439,
                        -0.6640904545783997
                    ],
                    [
                        0.02168978378176689,
                        0.813075602054596,
                        0.5817539095878601
                    ],
                    [
                        0.8072254061698914,
                        -0.35754841566085815,
                        0.46962353587150574
                    ]
                ],
                "tran":[
                    133.33193969726562,
                    28.579425811767578,
                    106.59907531738281
                ]
            },
            "D49.009":{
                "module_name":"D49",
                "module_type":"single",
                "c_linkage":[
                    {
                        "target_mod":"D49_aC2_ext.001",
                        "terminus":"c",
                        "target_chain_id":"C",
                        "source_chain_id":"A"
                    }
                ],
                "n_linkage":[
                    {
                        "target_mod":"D49.010",
                        "terminus":"n",
                        "target_chain_id":"A",
                        "source_chain_id":"A"
                    }
                ],
                "rot":[
                    [
                        0.11175340414047241,
                        -0.8359511494636536,
                        -0.5373051762580872
                    ],
                    [
                        -0.9683233499526978,
                        -0.21310047805309296,
                        0.13014614582061768
                    ],
                    [
                        -0.22329582273960114,
                        0.5057408809661865,
                        -0.8332856893539429
                    ]
                ],
                "tran":[
                    141.6522674560547,
                    12.115076065063477,
                    -20.730016708374023
                ]
            },
            "D49.010":{
                "module_name":"D49",
                "module_type":"single",
                "c_linkage":[
                    {
                        "target_mod":"D49.009",
                        "terminus":"c",
                        "target_chain_id":"A",
                        "source_chain_id":"A"
                    }
                ],
                "n_linkage":[
                    {
                        "target_mod":"D49.021",
                        "terminus":"n",
                        "target_chain_id":"A",
                        "source_chain_id":"A"
                    }
                ],
                "rot":[
                    [
                        0.15299025177955627,
                        -0.7943863272666931,
                        -0.5878302454948425
                    ],
                    [
                        -0.8667507767677307,
                        -0.393592894077301,
                        0.3063133955001831
                    ],
                    [
                        -0.47469693422317505,
                        0.46263933181762695,
                        -0.7487509250640869
                    ]
                ],
                "tran":[
                    143.15045166015625,
                    10.811939239501953,
                    -40.73648452758789
                ]
            },
            "D49.007":{
                "module_name":"D49",
                "module_type":"single",
                "c_linkage":[],
                "n_linkage":[
                    {
                        "target_mod":"D49_aC2_ext.001",
                        "terminus":"n",
                        "target_chain_id":"D",
                        "source_chain_id":"A"
                    }
                ],
                "rot":[
                    [
                        0.7966828942298889,
                        -0.4783801734447479,
                        0.36938977241516113
                    ],
                    [
                        0.40541329979896545,
                        0.8762540221214294,
                        0.26042062044143677
                    ],
                    [
                        -0.4482593238353729,
                        -0.057717110961675644,
                        0.8920382857322693
                    ]
                ],
                "tran":[
                    98.0831069946289,
                    22.96497344970703,
                    -5.634970188140869
                ]
            },
            "D49.022":{
                "module_name":"D49",
                "module_type":"single",
                "c_linkage":[
                    {
                        "target_mod":"D49.021",
                        "terminus":"c",
                        "target_chain_id":"A",
                        "source_chain_id":"A"
                    }
                ],
                "n_linkage":[
                    {
                        "target_mod":"D49.025",
                        "terminus":"n",
                        "target_chain_id":"A",
                        "source_chain_id":"A"
                    }
                ],
                "rot":[
                    [
                        0.1758936047554016,
                        -0.6923506259918213,
                        -0.6997944712638855
                    ],
                    [
                        -0.4824785888195038,
                        -0.6802724599838257,
                        0.5517647862434387
                    ],
                    [
                        -0.8580653667449951,
                        0.24058380722999573,
                        -0.45370012521743774
                    ]
                ],
                "tran":[
                    142.83700561523438,
                    23.953834533691406,
                    -78.34066772460938
                ]
            },
            "D49.025":{
                "module_name":"D49",
                "module_type":"single",
                "c_linkage":[
                    {
                        "target_mod":"D49.022",
                        "terminus":"c",
                        "target_chain_id":"A",
                        "source_chain_id":"A"
                    }
                ],
                "n_linkage":[],
                "rot":[
                    [
                        0.15581464767456055,
                        -0.6396465301513672,
                        -0.7527111768722534
                    ],
                    [
                        -0.22900812327861786,
                        -0.7646485567092896,
                        0.6023851037025452
                    ],
                    [
                        -0.9608730673789978,
                        0.07851654291152954,
                        -0.2656277120113373
                    ]
                ],
                "tran":[
                    140.56993103027344,
                    37.31574630737305,
                    -93.19062042236328
                ]
            },
            "D49.014":{
                "module_name":"D49",
                "module_type":"single",
                "c_linkage":[
                    {
                        "target_mod":"D49.013",
                        "terminus":"c",
                        "target_chain_id":"A",
                        "source_chain_id":"A"
                    }
                ],
                "n_linkage":[
                    {
                        "target_mod":"D49.017",
                        "terminus":"n",
                        "target_chain_id":"A",
                        "source_chain_id":"A"
                    }
                ],
                "rot":[
                    [
                        0.7840822339057922,
                        0.3115054965019226,
                        -0.5368234515190125
                    ],
                    [
                        0.061077360063791275,
                        0.8220034241676331,
                        0.5661978125572205
                    ],
                    [
                        0.6176444292068481,
                        -0.47673338651657104,
                        0.6254923343658447
                    ]
                ],
                "tran":[
                    140.59024047851562,
                    28.45026397705078,
                    87.85069274902344
                ]
            },
            "D49_aC2_ext.001":{
                "module_name":"D49_aC2_ext",
                "module_type":"hub",
                "c_linkage":[
                    {
                        "target_mod":"D49.007",
                        "terminus":"c",
                        "target_chain_id":"A",
                        "source_chain_id":"D"
                    }
                ],
                "n_linkage":[
                    {
                        "target_mod":"D49.009",
                        "terminus":"n",
                        "target_chain_id":"A",
                        "source_chain_id":"C"
                    },
                    {
                        "target_mod":"D49.013",
                        "terminus":"n",
                        "target_chain_id":"A",
                        "source_chain_id":"D"
                    }
                ],
                "rot":[
                    [
                        -0.26800215244293213,
                        0.4470598101615906,
                        -0.8534122109413147
                    ],
                    [
                        -0.16705472767353058,
                        0.8508342504501343,
                        0.49817049503326416
                    ],
                    [
                        0.9488243460655212,
                        0.2760773003101349,
                        -0.15334194898605347
                    ]
                ],
                "tran":[
                    132.50051879882812,
                    28.472591400146484,
                    22.4288272857666
                ]
            },
            "D49.021":{
                "module_name":"D49",
                "module_type":"single",
                "c_linkage":[
                    {
                        "target_mod":"D49.010",
                        "terminus":"c",
                        "target_chain_id":"A",
                        "source_chain_id":"A"
                    }
                ],
                "n_linkage":[
                    {
                        "target_mod":"D49.022",
                        "terminus":"n",
                        "target_chain_id":"A",
                        "source_chain_id":"A"
                    }
                ],
                "rot":[
                    [
                        0.17492742836475372,
                        -0.7452706694602966,
                        -0.6434067487716675
                    ],
                    [
                        -0.7005863189697266,
                        -0.5533725619316101,
                        0.450508713722229
                    ],
                    [
                        -0.6917943358421326,
                        0.3719555139541626,
                        -0.6189265847206116
                    ]
                ],
                "tran":[
                    143.63758850097656,
                    14.87513542175293,
                    -60.42034912109375
                ]
            },
            "D49.013":{
                "module_name":"D49",
                "module_type":"single",
                "c_linkage":[
                    {
                        "target_mod":"D49_aC2_ext.001",
                        "terminus":"c",
                        "target_chain_id":"D",
                        "source_chain_id":"A"
                    }
                ],
                "n_linkage":[
                    {
                        "target_mod":"D49.014",
                        "terminus":"n",
                        "target_chain_id":"A",
                        "source_chain_id":"A"
                    }
                ],
                "rot":[
                    [
                        0.9182204604148865,
                        0.13670779764652252,
                        -0.3717285692691803
                    ],
                    [
                        0.10370666533708572,
                        0.8228132128715515,
                        0.5587694644927979
                    ],
                    [
                        0.3822513222694397,
                        -0.5516242980957031,
                        0.7413464784622192
                    ]
                ],
                "tran":[
                    142.5271453857422,
                    28.195323944091797,
                    67.84107971191406
                ]
            }
        },
        "network.011":{
            "D8":{
                "module_name":"D8",
                "module_type":"single",
                "c_linkage":[],
                "n_linkage":[],
                "rot":[
                    [
                        0.5364828109741211,
                        0.07798830419778824,
                        -0.8402999639511108
                    ],
                    [
                        0.3212728798389435,
                        0.901869535446167,
                        0.2888166904449463
                    ],
                    [
                        0.7803652286529541,
                        -0.4249107837677002,
                        0.45878198742866516
                    ]
                ],
                "tran":[
                    -139.05844116210938,
                    -28.08885383605957,
                    22.242321014404297
                ]
            }
        }
    }
}