{
    "pg_networks":{
        "pg_network.012":{
            "joint.003":{
                "occupant":"",
                "occupant_parent":"",
                "hinge":"",
                "tx_tol":0.0,
                "rt_tol":[],
                "neighbors":[
                    "joint.004",
                    "joint.002"
                ],
                "rot":[
                    [
                        1.0,
                        0.0,
                        1.862645149230957e-08
                    ],
                    [
                        0.0,
                        1.0,
                        0.0
                    ],
                    [
                        -1.862645149230957e-08,
                        0.0,
                        1.0
                    ]
                ],
                "tran":[
                    59.90956115722656,
                    21.65906524658203,
                    -16.946809768676758
                ]
            },
            "joint.006":{
                "occupant":"",
                "occupant_parent":"",
                "hinge":"joint.005",
                "tx_tol":5.0,
                "rt_tol":[],
                "neighbors":[
                    "joint.005",
                    "joint.004"
                ],
                "rot":[
                    [
                        1.0,
                        0.0,
                        1.862645149230957e-08
                    ],
                    [
                        0.0,
                        1.0,
                        0.0
                    ],
                    [
                        -1.862645149230957e-08,
                        0.0,
                        1.0
                    ]
                ],
                "tran":[
                    -4.76837158203125e-06,
                    -1.1920928955078125e-06,
                    0.0
                ]
            },
            "joint.002":{
                "occupant":"",
                "occupant_parent":"",
                "hinge":"",
                "tx_tol":0.0,
                "rt_tol":[],
                "neighbors":[
                    "joint.003",
                    "joint.001"
                ],
                "rot":[
                    [
                        1.0,
                        0.0,
                        1.862645149230957e-08
                    ],
                    [
                        0.0,
                        1.0,
                        0.0
                    ],
                    [
                        -1.862645149230957e-08,
                        0.0,
                        1.0
                    ]
                ],
                "tran":[
                    79.62215423583984,
                    23.700050354003906,
                    -13.563034057617188
                ]
            },
            "joint.004":{
                "occupant":"",
                "occupant_parent":"",
                "hinge":"",
                "tx_tol":0.0,
                "rt_tol":[],
                "neighbors":[
                    "joint.006",
                    "joint.003"
                ],
                "rot":[
                    [
                        1.0,
                        0.0,
                        1.862645149230957e-08
                    ],
                    [
                        0.0,
                        1.0,
                        0.0
                    ],
                    [
                        -1.862645149230957e-08,
                        0.0,
                        1.0
                    ]
                ],
                "tran":[
                    40.44743347167969,
                    16.783876419067383,
                    -15.658519744873047
                ]
            },
            "joint":{
                "occupant":"D49_aC2_ext.001",
                "occupant_parent":"network.006",
                "hinge":"",
                "tx_tol":0.0,
                "rt_tol":[],
                "neighbors":[
                    "joint.001"
                ],
                "rot":[
                    [
                        1.0,
                        0.0,
                        3.725290298461914e-09
                    ],
                    [
                        0.0,
                        1.0,
                        0.0
                    ],
                    [
                        -3.725290298461914e-09,
                        0.0,
                        1.0
                    ]
                ],
                "tran":[
                    132.50054931640625,
                    28.47259521484375,
                    22.4288330078125
                ]
            },
            "joint.001":{
                "occupant":"",
                "occupant_parent":"",
                "hinge":"joint",
                "tx_tol":5.0,
                "rt_tol":[],
                "neighbors":[
                    "joint.002",
                    "joint"
                ],
                "rot":[
                    [
                        1.0,
                        0.0,
                        3.725290298461914e-09
                    ],
                    [
                        0.0,
                        1.0,
                        0.0
                    ],
                    [
                        -3.725290298461914e-09,
                        0.0,
                        1.0
                    ]
                ],
                "tran":[
                    98.08311462402344,
                    22.964977264404297,
                    -5.634969711303711
                ]
            },
            "joint.005":{
                "occupant":"D49",
                "occupant_parent":"network",
                "hinge":"",
                "tx_tol":0.0,
                "rt_tol":[],
                "neighbors":[
                    "joint.006"
                ],
                "rot":[
                    [
                        1.0,
                        0.0,
                        1.862645149230957e-08
                    ],
                    [
                        0.0,
                        1.0,
                        0.0
                    ],
                    [
                        -1.862645149230957e-08,
                        0.0,
                        1.0
                    ]
                ],
                "tran":[
                    -40.67024612426758,
                    -21.74129867553711,
                    -9.341041564941406
                ]
            }
        }
    },
    "networks":{
        "network":{
            "D49.011":{
                "module_name":"D49",
                "module_type":"single",
                "c_linkage":[
                    {
                        "terminus":"c",
                        "source_chain_id":"A",
                        "target_chain_id":"A",
                        "target_mod":"D49.008"
                    }
                ],
                "n_linkage":[
                    {
                        "terminus":"n",
                        "source_chain_id":"A",
                        "target_chain_id":"A",
                        "target_mod":"D49.020"
                    }
                ],
                "rot":[
                    [
                        -0.21310175955295563,
                        0.7793838381767273,
                        0.5891932249069214
                    ],
                    [
                        0.652790904045105,
                        0.5622666478157043,
                        -0.5076615810394287
                    ],
                    [
                        -0.7269469499588013,
                        0.2764364182949066,
                        -0.628594696521759
                    ]
                ],
                "tran":[
                    -144.04092407226562,
                    -29.364004135131836,
                    -30.99441909790039
                ]
            },
            "D49.023":{
                "module_name":"D49",
                "module_type":"single",
                "c_linkage":[
                    {
                        "terminus":"c",
                        "source_chain_id":"A",
                        "target_chain_id":"A",
                        "target_mod":"D49.020"
                    }
                ],
                "n_linkage":[
                    {
                        "terminus":"n",
                        "source_chain_id":"A",
                        "target_chain_id":"A",
                        "target_mod":"D49.024"
                    }
                ],
                "rot":[
                    [
                        -0.22139769792556763,
                        0.6562297344207764,
                        0.7213500142097473
                    ],
                    [
                        0.16281314194202423,
                        0.754198431968689,
                        -0.6361420154571533
                    ],
                    [
                        -0.9614963531494141,
                        -0.02339504286646843,
                        -0.2738206386566162
                    ]
                ],
                "tran":[
                    -143.73406982421875,
                    -54.159576416015625,
                    -62.17082595825195
                ]
            },
            "D49.016":{
                "module_name":"D49",
                "module_type":"single",
                "c_linkage":[
                    {
                        "terminus":"c",
                        "source_chain_id":"A",
                        "target_chain_id":"A",
                        "target_mod":"D49.015"
                    }
                ],
                "n_linkage":[
                    {
                        "terminus":"n",
                        "source_chain_id":"A",
                        "target_chain_id":"A",
                        "target_mod":"D49.019"
                    }
                ],
                "rot":[
                    [
                        -0.5708383321762085,
                        -0.41839057207107544,
                        0.7064652442932129
                    ],
                    [
                        0.21770069003105164,
                        -0.9067583680152893,
                        -0.36110374331474304
                    ],
                    [
                        0.7916755676269531,
                        -0.05233383923768997,
                        0.6086961030960083
                    ]
                ],
                "tran":[
                    -130.17184448242188,
                    3.037104606628418,
                    113.49668884277344
                ]
            },
            "D49.019":{
                "module_name":"D49",
                "module_type":"single",
                "c_linkage":[
                    {
                        "terminus":"c",
                        "source_chain_id":"A",
                        "target_chain_id":"A",
                        "target_mod":"D49.016"
                    }
                ],
                "n_linkage":[],
                "rot":[
                    [
                        -0.3310115337371826,
                        -0.5257402658462524,
                        0.7835997939109802
                    ],
                    [
                        0.3032674193382263,
                        -0.8456290364265442,
                        -0.43924999237060547
                    ],
                    [
                        0.8935660719871521,
                        0.0922434851527214,
                        0.43935272097587585
                    ]
                ],
                "tran":[
                    -117.80768585205078,
                    8.711225509643555,
                    128.29983520507812
                ]
            },
            "D49.001":{
                "module_name":"D49",
                "module_type":"single",
                "c_linkage":[
                    {
                        "terminus":"c",
                        "source_chain_id":"A",
                        "target_chain_id":"A",
                        "target_mod":"D49"
                    }
                ],
                "n_linkage":[
                    {
                        "terminus":"n",
                        "source_chain_id":"A",
                        "target_chain_id":"A",
                        "target_mod":"D49.002"
                    }
                ],
                "rot":[
                    [
                        -0.34661126136779785,
                        0.7176129221916199,
                        -0.6040634512901306
                    ],
                    [
                        -0.8001171946525574,
                        -0.5622973442077637,
                        -0.20888900756835938
                    ],
                    [
                        -0.48956456780433655,
                        0.4109182357788086,
                        0.7690726518630981
                    ]
                ],
                "tran":[
                    -59.836708068847656,
                    -27.70359992980957,
                    -8.200983047485352
                ]
            },
            "D49.024":{
                "module_name":"D49",
                "module_type":"single",
                "c_linkage":[
                    {
                        "terminus":"c",
                        "source_chain_id":"A",
                        "target_chain_id":"A",
                        "target_mod":"D49.023"
                    }
                ],
                "n_linkage":[],
                "rot":[
                    [
                        -0.18866591155529022,
                        0.5953606367111206,
                        0.7809937000274658
                    ],
                    [
                        -0.10910535603761673,
                        0.7776447534561157,
                        -0.6191645264625549
                    ],
                    [
                        -0.9759618043899536,
                        -0.20202574133872986,
                        -0.08175806701183319
                    ]
                ],
                "tran":[
                    -140.99630737304688,
                    -71.5509262084961,
                    -71.87891387939453
                ]
            },
            "D49.002":{
                "module_name":"D49",
                "module_type":"single",
                "c_linkage":[
                    {
                        "terminus":"c",
                        "source_chain_id":"A",
                        "target_chain_id":"A",
                        "target_mod":"D49.001"
                    }
                ],
                "n_linkage":[
                    {
                        "terminus":"n",
                        "source_chain_id":"A",
                        "target_chain_id":"A",
                        "target_mod":"D49.006"
                    }
                ],
                "rot":[
                    [
                        -0.5862318277359009,
                        0.6450980305671692,
                        -0.490082710981369
                    ],
                    [
                        -0.7088701128959656,
                        -0.7013185024261475,
                        -0.07520566135644913
                    ],
                    [
                        -0.39221900701522827,
                        0.30331701040267944,
                        0.8684256076812744
                    ]
                ],
                "tran":[
                    -79.32257843017578,
                    -29.462966918945312,
                    -3.574223518371582
                ]
            },
            "D49.008":{
                "module_name":"D49",
                "module_type":"single",
                "c_linkage":[
                    {
                        "terminus":"c",
                        "source_chain_id":"A",
                        "target_chain_id":"C",
                        "target_mod":"D49_aC2_ext.002"
                    }
                ],
                "n_linkage":[
                    {
                        "terminus":"n",
                        "source_chain_id":"A",
                        "target_chain_id":"A",
                        "target_mod":"D49.011"
                    }
                ],
                "rot":[
                    [
                        -0.17270402610301971,
                        0.8323018550872803,
                        0.526732325553894
                    ],
                    [
                        0.8335826992988586,
                        0.40837934613227844,
                        -0.3719760477542877
                    ],
                    [
                        -0.5247029662132263,
                        0.37483319640159607,
                        -0.7643212080001831
                    ]
                ],
                "tran":[
                    -142.05784606933594,
                    -23.910512924194336,
                    -11.745308876037598
                ]
            },
            "D49.015":{
                "module_name":"D49",
                "module_type":"single",
                "c_linkage":[
                    {
                        "terminus":"c",
                        "source_chain_id":"A",
                        "target_chain_id":"A",
                        "target_mod":"D49.012"
                    }
                ],
                "n_linkage":[
                    {
                        "terminus":"n",
                        "source_chain_id":"A",
                        "target_chain_id":"A",
                        "target_mod":"D49.016"
                    }
                ],
                "rot":[
                    [
                        -0.7663017511367798,
                        -0.2726899981498718,
                        0.58174067735672
                    ],
                    [
                        0.10854778438806534,
                        -0.9473934769630432,
                        -0.301103800535202
                    ],
                    [
                        0.6332451701164246,
                        -0.16758964955806732,
                        0.755588710308075
                    ]
                ],
                "tran":[
                    -137.80946350097656,
                    -3.385939598083496,
                    96.04353332519531
                ]
            },
            "D49.006":{
                "module_name":"D49",
                "module_type":"single",
                "c_linkage":[
                    {
                        "terminus":"c",
                        "source_chain_id":"A",
                        "target_chain_id":"A",
                        "target_mod":"D49.002"
                    }
                ],
                "n_linkage":[
                    {
                        "terminus":"n",
                        "source_chain_id":"A",
                        "target_chain_id":"D",
                        "target_mod":"D49_aC2_ext.002"
                    }
                ],
                "rot":[
                    [
                        -0.7806923389434814,
                        0.5274654626846313,
                        -0.3351121246814728
                    ],
                    [
                        -0.5687668919563293,
                        -0.8219012022018433,
                        0.03135491535067558
                    ],
                    [
                        -0.2588903605937958,
                        0.2150791883468628,
                        0.9416564106941223
                    ]
                ],
                "tran":[
                    -97.6279067993164,
                    -27.043779373168945,
                    4.379639625549316
                ]
            },
            "D49.020":{
                "module_name":"D49",
                "module_type":"single",
                "c_linkage":[
                    {
                        "terminus":"c",
                        "source_chain_id":"A",
                        "target_chain_id":"A",
                        "target_mod":"D49.011"
                    }
                ],
                "n_linkage":[
                    {
                        "terminus":"n",
                        "source_chain_id":"A",
                        "target_chain_id":"A",
                        "target_mod":"D49.023"
                    }
                ],
                "rot":[
                    [
                        -0.22975538671016693,
                        0.7191659212112427,
                        0.6557536721229553
                    ],
                    [
                        0.4233848452568054,
                        0.6805386543273926,
                        -0.5980070233345032
                    ],
                    [
                        -0.8763319849967957,
                        0.1402408480644226,
                        -0.4608413875102997
                    ]
                ],
                "tran":[
                    -144.69476318359375,
                    -39.72039031982422,
                    -48.21415328979492
                ]
            },
            "D49.012":{
                "module_name":"D49",
                "module_type":"single",
                "c_linkage":[
                    {
                        "terminus":"c",
                        "source_chain_id":"A",
                        "target_chain_id":"D",
                        "target_mod":"D49_aC2_ext.002"
                    }
                ],
                "n_linkage":[
                    {
                        "terminus":"n",
                        "source_chain_id":"A",
                        "target_chain_id":"A",
                        "target_mod":"D49.015"
                    }
                ],
                "rot":[
                    [
                        -0.9025343060493469,
                        -0.09972257167100906,
                        0.4189116954803467
                    ],
                    [
                        -0.01588686928153038,
                        -0.9644423723220825,
                        -0.2638148367404938
                    ],
                    [
                        0.4303245544433594,
                        -0.24475717544555664,
                        0.868858277797699
                    ]
                ],
                "tran":[
                    -140.1692352294922,
                    -9.849700927734375,
                    77.15298461914062
                ]
            },
            "D49":{
                "module_name":"D49",
                "module_type":"single",
                "c_linkage":[],
                "n_linkage":[
                    {
                        "terminus":"n",
                        "source_chain_id":"A",
                        "target_chain_id":"A",
                        "target_mod":"D49.001"
                    }
                ],
                "rot":[
                    [
                        -0.08005505055189133,
                        0.7394948601722717,
                        -0.6683850288391113
                    ],
                    [
                        -0.8355681896209717,
                        -0.4154106378555298,
                        -0.3595271706581116
                    ],
                    [
                        -0.5435227155685425,
                        0.5296992659568787,
                        0.651154100894928
                    ]
                ],
                "tran":[
                    -40.670257568359375,
                    -21.74129867553711,
                    -9.34104061126709
                ]
            },
            "D49_aC2_ext.002":{
                "module_name":"D49_aC2_ext",
                "module_type":"hub",
                "c_linkage":[
                    {
                        "terminus":"c",
                        "source_chain_id":"D",
                        "target_chain_id":"A",
                        "target_mod":"D49.006"
                    }
                ],
                "n_linkage":[
                    {
                        "terminus":"n",
                        "source_chain_id":"C",
                        "target_chain_id":"A",
                        "target_mod":"D49.008"
                    },
                    {
                        "terminus":"n",
                        "source_chain_id":"D",
                        "target_chain_id":"A",
                        "target_mod":"D49.012"
                    }
                ],
                "rot":[
                    [
                        0.2772494852542877,
                        -0.3908159136772156,
                        0.8777219653129578
                    ],
                    [
                        0.4838859438896179,
                        -0.7324241399765015,
                        -0.4789673686027527
                    ],
                    [
                        0.8300526142120361,
                        0.5575107932090759,
                        -0.013954076915979385
                    ]
                ],
                "tran":[
                    -131.08004760742188,
                    -24.628650665283203,
                    34.0037956237793
                ]
            }
        },
        "network.006":{
            "D49.014":{
                "module_name":"D49",
                "module_type":"single",
                "c_linkage":[
                    {
                        "terminus":"c",
                        "source_chain_id":"A",
                        "target_chain_id":"A",
                        "target_mod":"D49.013"
                    }
                ],
                "n_linkage":[
                    {
                        "terminus":"n",
                        "source_chain_id":"A",
                        "target_chain_id":"A",
                        "target_mod":"D49.017"
                    }
                ],
                "rot":[
                    [
                        0.7840822339057922,
                        0.3115054965019226,
                        -0.5368234515190125
                    ],
                    [
                        0.061077360063791275,
                        0.8220034241676331,
                        0.5661978125572205
                    ],
                    [
                        0.6176444292068481,
                        -0.47673338651657104,
                        0.6254923343658447
                    ]
                ],
                "tran":[
                    140.59024047851562,
                    28.45026206970215,
                    87.8507080078125
                ]
            },
            "D49.022":{
                "module_name":"D49",
                "module_type":"single",
                "c_linkage":[
                    {
                        "terminus":"c",
                        "source_chain_id":"A",
                        "target_chain_id":"A",
                        "target_mod":"D49.021"
                    }
                ],
                "n_linkage":[
                    {
                        "terminus":"n",
                        "source_chain_id":"A",
                        "target_chain_id":"A",
                        "target_mod":"D49.025"
                    }
                ],
                "rot":[
                    [
                        0.1758934110403061,
                        -0.6923491954803467,
                        -0.6997958421707153
                    ],
                    [
                        -0.4824800193309784,
                        -0.6802728772163391,
                        0.5517627000808716
                    ],
                    [
                        -0.8580644726753235,
                        0.2405860424041748,
                        -0.4537002444267273
                    ]
                ],
                "tran":[
                    142.83700561523438,
                    23.953834533691406,
                    -78.34066772460938
                ]
            },
            "D49.013":{
                "module_name":"D49",
                "module_type":"single",
                "c_linkage":[
                    {
                        "terminus":"c",
                        "source_chain_id":"A",
                        "target_chain_id":"D",
                        "target_mod":"D49_aC2_ext.001"
                    }
                ],
                "n_linkage":[
                    {
                        "terminus":"n",
                        "source_chain_id":"A",
                        "target_chain_id":"A",
                        "target_mod":"D49.014"
                    }
                ],
                "rot":[
                    [
                        0.918220579624176,
                        0.13670757412910461,
                        -0.3717283606529236
                    ],
                    [
                        0.10370659828186035,
                        0.8228133916854858,
                        0.558769166469574
                    ],
                    [
                        0.3822510540485382,
                        -0.551624059677124,
                        0.7413467764854431
                    ]
                ],
                "tran":[
                    142.5271759033203,
                    28.195322036743164,
                    67.84107971191406
                ]
            },
            "D49.009":{
                "module_name":"D49",
                "module_type":"single",
                "c_linkage":[
                    {
                        "terminus":"c",
                        "source_chain_id":"A",
                        "target_chain_id":"C",
                        "target_mod":"D49_aC2_ext.001"
                    }
                ],
                "n_linkage":[
                    {
                        "terminus":"n",
                        "source_chain_id":"A",
                        "target_chain_id":"A",
                        "target_mod":"D49.010"
                    }
                ],
                "rot":[
                    [
                        0.11175312101840973,
                        -0.8359511494636536,
                        -0.5373052358627319
                    ],
                    [
                        -0.9683235287666321,
                        -0.21309997141361237,
                        0.13014575839042664
                    ],
                    [
                        -0.22329522669315338,
                        0.5057411193847656,
                        -0.8332857489585876
                    ]
                ],
                "tran":[
                    141.65228271484375,
                    12.115076065063477,
                    -20.73001480102539
                ]
            },
            "D49.021":{
                "module_name":"D49",
                "module_type":"single",
                "c_linkage":[
                    {
                        "terminus":"c",
                        "source_chain_id":"A",
                        "target_chain_id":"A",
                        "target_mod":"D49.010"
                    }
                ],
                "n_linkage":[
                    {
                        "terminus":"n",
                        "source_chain_id":"A",
                        "target_chain_id":"A",
                        "target_mod":"D49.022"
                    }
                ],
                "rot":[
                    [
                        0.17493057250976562,
                        -0.7452691197395325,
                        -0.6434075236320496
                    ],
                    [
                        -0.7005866765975952,
                        -0.553374171257019,
                        0.4505055546760559
                    ],
                    [
                        -0.6917929649353027,
                        0.371955543756485,
                        -0.6189276576042175
                    ]
                ],
                "tran":[
                    143.63760375976562,
                    14.87513542175293,
                    -60.42034912109375
                ]
            },
            "D49_aC2_ext.001":{
                "module_name":"D49_aC2_ext",
                "module_type":"hub",
                "c_linkage":[],
                "n_linkage":[
                    {
                        "terminus":"n",
                        "source_chain_id":"C",
                        "target_chain_id":"A",
                        "target_mod":"D49.009"
                    },
                    {
                        "terminus":"n",
                        "source_chain_id":"D",
                        "target_chain_id":"A",
                        "target_mod":"D49.013"
                    }
                ],
                "rot":[
                    [
                        -0.26800185441970825,
                        0.4470601975917816,
                        -0.8534122705459595
                    ],
                    [
                        -0.16705463826656342,
                        0.8508340716362,
                        0.49817079305648804
                    ],
                    [
                        0.9488245844841003,
                        0.2760770618915558,
                        -0.1533416509628296
                    ]
                ],
                "tran":[
                    132.50054931640625,
                    28.472591400146484,
                    22.4288330078125
                ]
            },
            "D49.025":{
                "module_name":"D49",
                "module_type":"single",
                "c_linkage":[
                    {
                        "terminus":"c",
                        "source_chain_id":"A",
                        "target_chain_id":"A",
                        "target_mod":"D49.022"
                    }
                ],
                "n_linkage":[],
                "rot":[
                    [
                        0.1558150053024292,
                        -0.6396461725234985,
                        -0.7527115345001221
                    ],
                    [
                        -0.22900822758674622,
                        -0.7646491527557373,
                        0.6023846864700317
                    ],
                    [
                        -0.9608731269836426,
                        0.07851648330688477,
                        -0.26562821865081787
                    ]
                ],
                "tran":[
                    140.5699462890625,
                    37.31574630737305,
                    -93.19062042236328
                ]
            },
            "D49.017":{
                "module_name":"D49",
                "module_type":"single",
                "c_linkage":[
                    {
                        "terminus":"c",
                        "source_chain_id":"A",
                        "target_chain_id":"A",
                        "target_mod":"D49.014"
                    }
                ],
                "n_linkage":[
                    {
                        "terminus":"n",
                        "source_chain_id":"A",
                        "target_chain_id":"A",
                        "target_mod":"D49.018"
                    }
                ],
                "rot":[
                    [
                        0.5898446440696716,
                        0.4594205319881439,
                        -0.6640904545783997
                    ],
                    [
                        0.02168978378176689,
                        0.813075602054596,
                        0.5817539095878601
                    ],
                    [
                        0.8072254061698914,
                        -0.35754841566085815,
                        0.46962353587150574
                    ]
                ],
                "tran":[
                    133.33193969726562,
                    28.579425811767578,
                    106.59908294677734
                ]
            },
            "D49.018":{
                "module_name":"D49",
                "module_type":"single",
                "c_linkage":[
                    {
                        "terminus":"c",
                        "source_chain_id":"A",
                        "target_chain_id":"A",
                        "target_mod":"D49.017"
                    }
                ],
                "n_linkage":[],
                "rot":[
                    [
                        0.35028186440467834,
                        0.5692024230957031,
                        -0.743848979473114
                    ],
                    [
                        -0.011460406705737114,
                        0.7967088222503662,
                        0.6042547225952148
                    ],
                    [
                        0.9365742802619934,
                        -0.2031346708536148,
                        0.28559592366218567
                    ]
                ],
                "tran":[
                    121.28986358642578,
                    28.81954574584961,
                    122.6966552734375
                ]
            },
            "D49.010":{
                "module_name":"D49",
                "module_type":"single",
                "c_linkage":[
                    {
                        "terminus":"c",
                        "source_chain_id":"A",
                        "target_chain_id":"A",
                        "target_mod":"D49.009"
                    }
                ],
                "n_linkage":[
                    {
                        "terminus":"n",
                        "source_chain_id":"A",
                        "target_chain_id":"A",
                        "target_mod":"D49.021"
                    }
                ],
                "rot":[
                    [
                        0.1529923379421234,
                        -0.7943859696388245,
