{
    "pg_networks":{
        "pg_network.012":{
            "joint.005":{
                "occupant":"",
                "occupant_parent":"",
                "hinge":"joint.006",
                "tx_tol":5.0,
                "rt_tol":[],
                "neighbors":[
                    "joint.004",
                    "joint.006"
                ],
                "rot":[
                    [
                        1.0,
                        0.0,
                        7.450580596923828e-09
                    ],
                    [
                        0.0,
                        1.0,
                        0.0
                    ],
                    [
                        -7.450580596923828e-09,
                        0.0,
                        1.0
                    ]
                ],
                "tran":[
                    1.0530281066894531,
                    -1.5436935424804688,
                    0.13068079948425293
                ]
            },
            "joint.001":{
                "occupant":"",
                "occupant_parent":"",
                "hinge":"joint",
                "tx_tol":5.0,
                "rt_tol":[],
                "neighbors":[
                    "joint",
                    "joint.002"
                ],
                "rot":[
                    [
                        1.0,
                        0.0,
                        7.450580596923828e-09
                    ],
                    [
                        0.0,
                        1.0,
                        0.0
                    ],
                    [
                        -7.450580596923828e-09,
                        0.0,
                        1.0
                    ]
                ],
                "tran":[
                    99.35692596435547,
                    23.607282638549805,
                    -13.491063117980957
                ]
            },
            "joint.006":{
                "occupant":"D49",
                "occupant_parent":"network.024",
                "hinge":"",
                "tx_tol":0.0,
                "rt_tol":[],
                "neighbors":[
                    "joint.005"
                ],
                "rot":[
                    [
                        1.0,
                        0.0,
                        7.450580596923828e-09
                    ],
                    [
                        0.0,
                        1.0,
                        0.0
                    ],
                    [
                        -7.450580596923828e-09,
                        0.0,
                        1.0
                    ]
                ],
                "tran":[
                    -40.670249938964844,
                    -21.74129867553711,
                    -9.341042518615723
                ]
            },
            "joint.002":{
                "occupant":"",
                "occupant_parent":"",
                "hinge":"",
                "tx_tol":0.0,
                "rt_tol":[],
                "neighbors":[
                    "joint.001",
                    "joint.003"
                ],
                "rot":[
                    [
                        1.0,
                        0.0,
                        7.450580596923828e-09
                    ],
                    [
                        0.0,
                        1.0,
                        0.0
                    ],
                    [
                        -7.450580596923828e-09,
                        0.0,
                        1.0
                    ]
                ],
                "tran":[
                    80.04088592529297,
                    24.26375961303711,
                    -19.02828598022461
                ]
            },
            "joint.003":{
                "occupant":"",
                "occupant_parent":"",
                "hinge":"",
                "tx_tol":0.0,
                "rt_tol":[],
                "neighbors":[
                    "joint.002",
                    "joint.004"
                ],
                "rot":[
                    [
                        1.0,
                        0.0,
                        7.450580596923828e-09
                    ],
                    [
                        0.0,
                        1.0,
                        0.0
                    ],
                    [
                        -7.450580596923828e-09,
                        0.0,
                        1.0
                    ]
                ],
                "tran":[
                    60.147666931152344,
                    21.619983673095703,
                    -20.24129867553711
                ]
            },
            "joint":{
                "occupant":"D49_aC2_ext.003",
                "occupant_parent":"network.026",
                "hinge":"",
                "tx_tol":0.0,
                "rt_tol":[],
                "neighbors":[
                    "joint.001"
                ],
                "rot":[
                    [
                        1.0,
                        0.0,
                        7.450580596923828e-09
                    ],
                    [
                        0.0,
                        1.0,
                        0.0
                    ],
                    [
                        -7.450580596923828e-09,
                        0.0,
                        1.0
                    ]
                ],
                "tran":[
                    138.1087646484375,
                    25.24889373779297,
                    6.59212589263916
                ]
            },
            "joint.004":{
                "occupant":"",
                "occupant_parent":"",
                "hinge":"",
                "tx_tol":0.0,
                "rt_tol":[],
                "neighbors":[
                    "joint.003",
                    "joint.005"
                ],
                "rot":[
                    [
                        1.0,
                        0.0,
                        7.450580596923828e-09
                    ],
                    [
                        0.0,
                        1.0,
                        0.0
                    ],
                    [
                        -7.450580596923828e-09,
                        0.0,
                        1.0
                    ]
                ],
                "tran":[
                    41.1846923828125,
                    15.678993225097656,
                    -17.18973159790039
                ]
            }
        }
    },
    "networks":{
        "network.024":{
            "D49_aC2_24.003":{
                "module_name":"D49_aC2_24",
                "module_type":"hub",
                "c_linkage":[
                    {
                        "target_chain_id":"A",
                        "source_chain_id":"B",
                        "terminus":"c",
                        "target_mod":"D49.037"
                    }
                ],
                "n_linkage":[],
                "rot":[
                    [
                        0.06567941606044769,
                        0.377605140209198,
                        0.9236345887184143
                    ],
                    [
                        -0.8379455804824829,
                        -0.48170992732048035,
                        0.2565213441848755
                    ],
                    [
                        0.5417875051498413,
                        -0.7908036112785339,
                        0.28477388620376587
                    ]
                ],
                "tran":[
                    -138.43551635742188,
                    -64.48993682861328,
                    -75.66958618164062
                ]
            },
            "D49":{
                "module_name":"D49",
                "module_type":"single",
                "c_linkage":[],
                "n_linkage":[
                    {
                        "target_chain_id":"A",
                        "source_chain_id":"A",
                        "terminus":"n",
                        "target_mod":"D49.001"
                    }
                ],
                "rot":[
                    [
                        -0.08005523681640625,
                        0.739494800567627,
                        -0.6683850884437561
                    ],
                    [
                        -0.8355681896209717,
                        -0.4154108166694641,
                        -0.3595270812511444
                    ],
                    [
                        -0.5435227751731873,
                        0.5296992659568787,
                        0.651154100894928
                    ]
                ],
                "tran":[
                    -40.670249938964844,
                    -21.74129867553711,
                    -9.341043472290039
                ]
            },
            "D49.035":{
                "module_name":"D49",
                "module_type":"single",
                "c_linkage":[
                    {
                        "target_chain_id":"A",
                        "source_chain_id":"A",
                        "terminus":"c",
                        "target_mod":"D49.034"
                    }
                ],
                "n_linkage":[
                    {
                        "target_chain_id":"A",
                        "source_chain_id":"A",
                        "terminus":"n",
                        "target_mod":"D49_aC2_24.002"
                    }
                ],
                "rot":[
                    [
                        -0.6473268866539001,
                        -0.5055934190750122,
                        0.5703890919685364
                    ],
                    [
                        0.3406488597393036,
                        -0.8613411784172058,
                        -0.3768957853317261
                    ],
                    [
                        0.6818554401397705,
                        -0.04967229813337326,
                        0.7297985553741455
                    ]
                ],
                "tran":[
                    -137.9942626953125,
                    17.481534957885742,
                    107.30136108398438
                ]
            },
            "D49_aC2_ext.004":{
                "module_name":"D49_aC2_ext",
                "module_type":"hub",
                "c_linkage":[
                    {
                        "target_chain_id":"A",
                        "source_chain_id":"C",
                        "terminus":"c",
                        "target_mod":"D49.006"
                    }
                ],
                "n_linkage":[
                    {
                        "target_chain_id":"A",
                        "source_chain_id":"D",
                        "terminus":"n",
                        "target_mod":"D49.032"
                    },
                    {
                        "target_chain_id":"A",
                        "source_chain_id":"C",
                        "terminus":"n",
                        "target_mod":"D49.033"
                    }
                ],
                "rot":[
                    [
                        -0.284137487411499,
                        0.7879133224487305,
                        0.546313464641571
                    ],
                    [
                        -0.5628844499588013,
                        0.3241841793060303,
                        -0.7603062987327576
                    ],
                    [
                        -0.7761616110801697,
                        -0.5235429406166077,
                        0.35139134526252747
                    ]
                ],
                "tran":[
                    -132.4552001953125,
                    -20.144529342651367,
                    31.09734535217285
                ]
            },
            "D49.033":{
                "module_name":"D49",
                "module_type":"single",
                "c_linkage":[
                    {
                        "target_chain_id":"C",
                        "source_chain_id":"A",
                        "terminus":"c",
                        "target_mod":"D49_aC2_ext.004"
                    }
                ],
                "n_linkage":[
                    {
                        "target_chain_id":"A",
                        "source_chain_id":"A",
                        "terminus":"n",
                        "target_mod":"D49.034"
                    }
                ],
                "rot":[
                    [
                        -0.9496163129806519,
                        -0.17174281179904938,
                        0.2621699571609497
                    ],
                    [
                        0.11154091358184814,
                        -0.9669209122657776,
                        -0.22939567267894745
                    ],
                    [
                        0.2928946912288666,
                        -0.1885952204465866,
                        0.937360405921936
                    ]
                ],
                "tran":[
                    -144.2242431640625,
                    2.60841965675354,
                    70.87527465820312
                ]
            },
            "D49.001":{
                "module_name":"D49",
                "module_type":"single",
                "c_linkage":[
                    {
                        "target_chain_id":"A",
                        "source_chain_id":"A",
                        "terminus":"c",
                        "target_mod":"D49"
                    }
                ],
                "n_linkage":[
                    {
                        "target_chain_id":"A",
                        "source_chain_id":"A",
                        "terminus":"n",
                        "target_mod":"D49.002"
                    }
                ],
                "rot":[
                    [
                        -0.3466110825538635,
                        0.7176128029823303,
                        -0.6040634512901306
                    ],
                    [
                        -0.8001171946525574,
                        -0.5622970461845398,
                        -0.20888876914978027
                    ],
                    [
                        -0.48956432938575745,
                        0.41091835498809814,
                        0.7690727114677429
                    ]
                ],
                "tran":[
                    -59.836700439453125,
                    -27.70359992980957,
                    -8.200983047485352
                ]
            },
            "D49_aC2_24.002":{
                "module_name":"D49_aC2_24",
                "module_type":"hub",
                "c_linkage":[
                    {
                        "target_chain_id":"A",
                        "source_chain_id":"A",
                        "terminus":"c",
                        "target_mod":"D49.035"
                    }
                ],
                "n_linkage":[],
                "rot":[
                    [
                        -0.9904400110244751,
                        -0.08412700146436691,
                        -0.10932494699954987
                    ],
                    [
                        0.06749382615089417,
                        0.39564433693885803,
                        -0.9159204959869385
                    ],
                    [
                        0.12030743807554245,
                        -0.9145427346229553,
                        -0.3861841559410095
                    ]
                ],
                "tran":[
                    -125.67300415039062,
                    20.675859451293945,
                    138.44625854492188
                ]
            },
            "D49.036":{
                "module_name":"D49",
                "module_type":"single",
                "c_linkage":[
                    {
                        "target_chain_id":"A",
                        "source_chain_id":"A",
                        "terminus":"c",
                        "target_mod":"D49.032"
                    }
                ],
                "n_linkage":[
                    {
                        "target_chain_id":"A",
                        "source_chain_id":"A",
                        "terminus":"n",
                        "target_mod":"D49.037"
                    }
                ],
                "rot":[
                    [
                        0.03630729764699936,
                        0.8705571293830872,
                        0.49072641134262085
                    ],
                    [
                        0.6248063445091248,
                        0.3634651005268097,
                        -0.6910212635993958
                    ],
                    [
                        -0.779935359954834,
                        0.33169814944267273,
                        -0.5307331681251526
                    ]
                ],
                "tran":[
                    -140.11355590820312,
                    -30.098289489746094,
                    -34.370384216308594
                ]
            },
            "D49.002":{
                "module_name":"D49",
                "module_type":"single",
                "c_linkage":[
                    {
                        "target_chain_id":"A",
                        "source_chain_id":"A",
                        "terminus":"c",
                        "target_mod":"D49.001"
                    }
                ],
                "n_linkage":[
                    {
                        "target_chain_id":"A",
                        "source_chain_id":"A",
                        "terminus":"n",
                        "target_mod":"D49.006"
                    }
                ],
                "rot":[
                    [
                        -0.5862318873405457,
                        0.6450977921485901,
                        -0.4900828003883362
                    ],
                    [
                        -0.7088700532913208,
                        -0.7013184428215027,
                        -0.07520512491464615
                    ],
                    [
                        -0.3922187387943268,
                        0.3033173680305481,
                        0.8684256076812744
                    ]
                ],
                "tran":[
                    -79.32257843017578,
                    -29.462966918945312,
                    -3.5742223262786865
                ]
            },
            "D49.032":{
                "module_name":"D49",
                "module_type":"single",
                "c_linkage":[
                    {
                        "target_chain_id":"D",
                        "source_chain_id":"A",
                        "terminus":"c",
                        "target_mod":"D49_aC2_ext.004"
                    }
                ],
                "n_linkage":[
                    {
                        "target_chain_id":"A",
                        "source_chain_id":"A",
                        "terminus":"n",
                        "target_mod":"D49.036"
                    }
                ],
                "rot":[
                    [
                        0.1037726104259491,
                        0.8714470267295837,
                        0.4793868362903595
                    ],
                    [
                        0.8048428893089294,
                        0.20960041880607605,
                        -0.555243968963623
                    ],
                    [
                        -0.5843453407287598,
                        0.4434502124786377,
                        -0.6796271800994873
                    ]
                ],
                "tran":[
                    -138.5833740234375,
                    -23.803688049316406,
                    -15.337823867797852
                ]
            },
            "D49.006":{
                "module_name":"D49",
                "module_type":"single",
                "c_linkage":[
                    {
                        "target_chain_id":"A",
                        "source_chain_id":"A",
                        "terminus":"c",
                        "target_mod":"D49.002"
                    }
                ],
                "n_linkage":[
                    {
                        "target_chain_id":"C",
                        "source_chain_id":"A",
                        "terminus":"n",
                        "target_mod":"D49_aC2_ext.004"
                    }
                ],
                "rot":[
                    [
                        -0.780692994594574,
                        0.5274646878242493,
                        -0.3351120948791504
                    ],
                    [
                        -0.5687660574913025,
                        -0.8219018578529358,
                        0.03135520592331886
                    ],
                    [
                        -0.25889039039611816,
                        0.2150791436433792,
                        0.9416564106941223
                    ]
                ],
                "tran":[
                    -97.6279067993164,
                    -27.043777465820312,
                    4.379639625549316
                ]
            },
            "D49.037":{
                "module_name":"D49",
                "module_type":"single",
                "c_linkage":[
                    {
                        "target_chain_id":"A",
                        "source_chain_id":"A",
                        "terminus":"c",
                        "target_mod":"D49.036"
                    }
                ],
                "n_linkage":[
                    {
                        "target_chain_id":"B",
                        "source_chain_id":"A",
                        "terminus":"n",
                        "target_mod":"D49_aC2_24.003"
                    }
                ],
                "rot":[
                    [
                        -0.026182321831583977,
                        0.856816828250885,
                        0.5149560570716858
                    ],
                    [
                        0.39611291885375977,
                        0.48185765743255615,
                        -0.7816060185432434
                    ],
                    [
                        -0.9178286194801331,
                        0.18351657688617706,
                        -0.35201239585876465
                    ]
                ],
                "tran":[
                    -141.85369873046875,
                    -41.29252624511719,
                    -50.97949981689453
                ]
            },
            "D49.034":{
                "module_name":"D49",
                "module_type":"single",
                "c_linkage":[
                    {
                        "target_chain_id":"A",
                        "source_chain_id":"A",
                        "terminus":"c",
                        "target_mod":"D49.033"
                    }
                ],
                "n_linkage":[
                    {
                        "target_chain_id":"A",
                        "source_chain_id":"A",
                        "terminus":"n",
                        "target_mod":"D49.035"
                    }
                ],
                "rot":[
                    [
                        -0.8298487663269043,
                        -0.35075661540031433,
                        0.4339601397514343
                    ],
                    [
                        0.23854045569896698,
                        -0.9260781407356262,
                        -0.29236674308776855
                    ],
                    [
                        0.5044304132461548,
                        -0.13910306990146637,
                        0.8521738648414612
                    ]
                ],
                "tran":[
                    -143.80349731445312,
                    10.391288757324219,
                    89.40771484375
                ]
            }
        },
        "network.026":{
            "D49_aC2_24.001":{
                "module_name":"D49_aC2_24",
                "module_type":"hub",
                "c_linkage":[
                    {
                        "target_chain_id":"A",
                        "source_chain_id":"A",
                        "terminus":"c",
                        "target_mod":"D49.031"
                    }
                ],
                "n_linkage":[],
                "rot":[
                    [
                        0.03161066398024559,
                        0.837924599647522,
                        -0.5448698997497559
                    ],
                    [
                        -0.9682570695877075,
                        -0.10956326872110367,
                        -0.22466465830802917
                    ],
                    [
                        -0.2479497343301773,
                        0.5346759557723999,
                        0.8078629970550537
                    ]
                ],
                "tran":[
                    112.5472640991211,
                    43.510074615478516,
                    -104.08401489257812
                ]
            },
            "D49.026":{
                "module_name":"D49",
                "module_type":"single",
                "c_linkage":[
                    {
                        "target_chain_id":"D",
                        "source_chain_id":"A",
                        "terminus":"c",
                        "target_mod":"D49_aC2_ext.003"
                    }
                ],
                "n_linkage":[
                    {
                        "target_chain_id":"A",
                        "source_chain_id":"A",
                        "terminus":"n",
                        "target_mod":"D49.027"
                    }
                ],
                "rot":[
                    [
                        0.9884325861930847,
                        -0.10709354281425476,
                        -0.10738716274499893
                    ],
                    [
                        0.13997410237789154,
                        0.9167518615722656,
                        0.3741300106048584
                    ],
                    [
                        0.05838047340512276,
                        -0.3848337233066559,
                        0.9211377501487732
                    ]
                ],
                "tran":[
                    160.9571075439453,
                    15.537393569946289,
                    46.47706985473633
                ]
            },
            "D49.029":{
                "module_name":"D49",
                "module_type":"single",
                "c_linkage":[
                    {
                        "target_chain_id":"C",
                        "source_chain_id":"A",
                        "terminus":"c",
                        "target_mod":"D49_aC2_ext.003"
                    }
                ],
                "n_linkage":[
                    {
                        "target_chain_id":"A",
                        "source_chain_id":"A",
                        "terminus":"n",
                        "target_mod":"D49.030"
                    }
                ],
                "rot":[
                    [
                        -0.02872156910598278,
                        -0.69379061460495,
                        -0.7196038365364075
                    ],
                    [
                        -0.9112902879714966,
                        -0.2776556611061096,
                        0.30406808853149414
                    ],
                    [
                        -0.41076165437698364,
                        0.6645013093948364,
                        -0.6242699027061462
                    ]
                ],
                "tran":[
                    135.59133911132812,
                    18.576824188232422,
                    -40.180030822753906
                ]
            },
            "D49_aC2_24":{
                "module_name":"D49_aC2_24",
                "module_type":"hub",
                "c_linkage":[
                    {
                        "target_chain_id":"A",
                        "source_chain_id":"A",
                        "terminus":"c",
                        "target_mod":"D49.028"
                    }
                ],
                "n_linkage":[],
                "rot":[
                    [
                        0.9805684685707092,
                        -0.0170602984726429,
                        -0.1954340785741806
                    ],
                    [
                        0.15219734609127045,
                        -0.562413215637207,
                        0.8127286434173584
                    ],
                    [
                        -0.12378004938364029,
                        -0.826680600643158,
                        -0.5488881468772888
                    ]
                ],
                "tran":[
                    161.7964324951172,
                    9.470749855041504,
                    118.58052062988281
                ]
            },
            "D49.031":{
                "module_name":"D49",
                "module_type":"single",
                "c_linkage":[
                    {
                        "target_chain_id":"A",
                        "source_chain_id":"A",
                        "terminus":"c",
                        "target_mod":"D49.030"
                    }
                ],
                "n_linkage":[
                    {
                        "target_chain_id":"A",
                        "source_chain_id":"A",
                        "terminus":"n",
                        "target_mod":"D49_aC2_24.001"
                    }
                ],
                "rot":[
                    [
                        -0.06544861942529678,
                        -0.6684728860855103,
                        -0.7408514022827148
                    ],
                    [
                        -0.5615278482437134,
                        -0.589059054851532,
                        0.5811165571212769
                    ],
                    [
                        -0.8248656392097473,
                        0.45404180884361267,
                        -0.3368133008480072
                    ]
                ],
                "tran":[
                    127.60262298583984,
                    28.772733688354492,
                    -77.85106658935547
                ]
            },
            "D49.028":{
                "module_name":"D49",
                "module_type":"single",
                "c_linkage":[
                    {
                        "target_chain_id":"A",
                        "source_chain_id":"A",
                        "terminus":"c",
                        "target_mod":"D49.027"
                    }
                ],
                "n_linkage":[
                    {
                        "target_chain_id":"A",
                        "source_chain_id":"A",
                        "terminus":"n",
                        "target_mod":"D49_aC2_24"
                    }
                ],
                "rot":[
                    [
                        0.8376798629760742,
                        0.2637441158294678,
                        -0.47825878858566284
                    ],
                    [
                        -0.052220653742551804,
                        0.9103385806083679,
                        0.41055652499198914
                    ],
                    [
                        0.5436593294143677,
                        -0.3189399540424347,
                        0.7763451933860779
                    ]
                ],
                "tran":[
                    166.20956420898438,
                    8.081250190734863,
                    85.25463104248047
                ]
            },
            "D49.030":{
                "module_name":"D49",
                "module_type":"single",
                "c_linkage":[
                    {
                        "target_chain_id":"A",
                        "source_chain_id":"A",
                        "terminus":"c",
                        "target_mod":"D49.029"
                    }
                ],
                "n_linkage":[
                    {
                        "target_chain_id":"A",
                        "source_chain_id":"A",
                        "terminus":"n",
                        "target_mod":"D49.031"
                    }
                ],
                "rot":[
                    [
                        -0.04481469839811325,
                        -0.6795439720153809,
                        -0.732265055179596
                    ],
                    [
                        -0.7651496529579163,
                        -0.44792574644088745,
                        0.4625031352043152
                    ],
                    [
                        -0.6422913074493408,
                        0.5810190439224243,
                        -0.4998793601989746
                    ]
                ],
                "tran":[
                    131.82281494140625,
                    21.056102752685547,
                    -59.772193908691406
                ]
            },
            "D49.027":{
                "module_name":"D49",
                "module_type":"single",
                "c_linkage":[
                    {
                        "target_chain_id":"A",
                        "source_chain_id":"A",
                        "terminus":"c",
                        "target_mod":"D49.026"
                    }
                ],
                "n_linkage":[
                    {
                        "target_chain_id":"A",
                        "source_chain_id":"A",
                        "terminus":"n",
                        "target_mod":"D49.028"
                    }
                ],
                "rot":[
                    [
                        0.9493470191955566,
                        0.08276630938053131,
                        -0.30313366651535034
                    ],
                    [
                        0.04173598438501358,
                        0.9229292869567871,
                        0.3827004134654999
                    ],
                    [
                        0.3114456534385681,
                        -0.3759670853614807,
                        0.8727258443832397
                    ]
                ],
                "tran":[
                    166.28787231445312,
                    12.065956115722656,
                    65.54886627197266
                ]
            },
            "D49_aC2_ext.003":{
                "module_name":"D49_aC2_ext",
                "module_type":"hub",
                "c_linkage":[],
                "n_linkage":[
                    {
                        "target_chain_id":"A",
                        "source_chain_id":"D",
                        "terminus":"n",
                        "target_mod":"D49.026"
                    },
                    {
                        "target_chain_id":"A",
                        "source_chain_id":"C",
                        "terminus":"n",
                        "target_mod":"D49.029"
                    }
                ],
                "rot":[
                    [
                        -0.028206631541252136,
                        0.5257197618484497,
                        -0.8501900434494019
                    ],
                    [
                        -0.39142581820487976,
                        0.7767991423606873,
                        0.4933243691921234
                    ],
                    [
                        0.9197772741317749,
                        0.34670135378837585,
                        0.1838693916797638
                    ]
                ],
                "tran":[
                    138.1087646484375,
                    25.24889373779297,
                    6.592126846313477
                ]
            }
        }
    }
}