{
    "pg_networks":{
        "pg_network.026":{
            "joint.001":{
                "occupant":"",
                "occupant_parent":"",
                "hinge":"joint",
                "tx_tol":5.0,
                "rt_tol":[],
                "neighbors":[
                    "joint",
                    "joint.002"
                ],
                "rot":[
                    [
                        1.0,
                        0.0,
                        7.450580596923828e-09
                    ],
                    [
                        0.0,
                        1.0,
                        0.0
                    ],
                    [
                        -7.450580596923828e-09,
                        0.0,
                        1.0
                    ]
                ],
                "tran":[
                    99.35691833496094,
                    23.607282638549805,
                    -13.491063117980957
                ]
            },
            "joint":{
                "occupant":"D49_aC2_ext.003",
                "occupant_parent":"network.026",
                "hinge":"",
                "tx_tol":0.0,
                "rt_tol":[],
                "neighbors":[
                    "joint.001"
                ],
                "rot":[
                    [
                        1.0,
                        0.0,
                        7.450580596923828e-09
                    ],
                    [
                        0.0,
                        1.0,
                        0.0
                    ],
                    [
                        -7.450580596923828e-09,
                        0.0,
                        1.0
                    ]
                ],
                "tran":[
                    138.10874938964844,
                    25.24889373779297,
                    6.59212589263916
                ]
            },
            "joint.006":{
                "occupant":"",
                "occupant_parent":"",
                "hinge":"joint.011",
                "tx_tol":5.0,
                "rt_tol":[],
                "neighbors":[
                    "joint.005",
                    "joint.011"
                ],
                "rot":[
                    [
                        1.0,
                        0.0,
                        7.450580596923828e-09
                    ],
                    [
                        0.0,
                        1.0,
                        0.0
                    ],
                    [
                        -7.450580596923828e-09,
                        0.0,
                        1.0
                    ]
                ],
                "tran":[
                    -40.67024612426758,
                    -21.74129867553711,
                    -9.341042518615723
                ]
            },
            "joint.004":{
                "occupant":"",
                "occupant_parent":"",
                "hinge":"",
                "tx_tol":0.0,
                "rt_tol":[],
                "neighbors":[
                    "joint.003",
                    "joint.005"
                ],
                "rot":[
                    [
                        1.0,
                        0.0,
                        7.450580596923828e-09
                    ],
                    [
                        0.0,
                        1.0,
                        0.0
                    ],
                    [
                        -7.450580596923828e-09,
                        0.0,
                        1.0
                    ]
                ],
                "tran":[
                    41.184688568115234,
                    15.678993225097656,
                    -17.18973159790039
                ]
            },
            "joint.003":{
                "occupant":"",
                "occupant_parent":"",
                "hinge":"",
                "tx_tol":0.0,
                "rt_tol":[],
                "neighbors":[
                    "joint.002",
                    "joint.004"
                ],
                "rot":[
                    [
                        1.0,
                        0.0,
                        7.450580596923828e-09
                    ],
                    [
                        0.0,
                        1.0,
                        0.0
                    ],
                    [
                        -7.450580596923828e-09,
                        0.0,
                        1.0
                    ]
                ],
                "tran":[
                    60.14766311645508,
                    21.619983673095703,
                    -20.24129867553711
                ]
            },
            "joint.011":{
                "occupant":"D8",
                "occupant_parent":"network.043",
                "hinge":"",
                "tx_tol":0.0,
                "rt_tol":[],
                "neighbors":[
                    "joint.006"
                ],
                "rot":[
                    [
                        1.0,
                        -0.0,
                        -1.862645149230957e-09
                    ],
                    [
                        0.0,
                        1.0,
                        -0.0
                    ],
                    [
                        1.862645149230957e-09,
                        0.0,
                        1.0
                    ]
                ],
                "tran":[
                    -132.4551544189453,
                    -20.14452362060547,
                    31.097347259521484
                ]
            },
            "joint.005":{
                "occupant":"",
                "occupant_parent":"",
                "hinge":"",
                "tx_tol":0.0,
                "rt_tol":[],
                "neighbors":[
                    "joint.004",
                    "joint.006"
                ],
                "rot":[
                    [
                        1.0,
                        0.0,
                        7.450580596923828e-09
                    ],
                    [
                        0.0,
                        1.0,
                        0.0
                    ],
                    [
                        -7.450580596923828e-09,
                        0.0,
                        1.0
                    ]
                ],
                "tran":[
                    1.0530281066894531,
                    -1.5436935424804688,
                    0.13068079948425293
                ]
            },
            "joint.002":{
                "occupant":"",
                "occupant_parent":"",
                "hinge":"",
                "tx_tol":0.0,
                "rt_tol":[],
                "neighbors":[
                    "joint.001",
                    "joint.003"
                ],
                "rot":[
                    [
                        1.0,
                        0.0,
                        7.450580596923828e-09
                    ],
                    [
                        0.0,
                        1.0,
                        0.0
                    ],
                    [
                        -7.450580596923828e-09,
                        0.0,
                        1.0
                    ]
                ],
                "tran":[
                    80.04087829589844,
                    24.26375961303711,
                    -19.02828598022461
                ]
            }
        }
    },
    "networks":{
        "network.043":{
            "D8":{
                "module_name":"D8",
                "module_type":"single",
                "c_linkage":[],
                "n_linkage":[],
                "rot":[
                    [
                        0.7972761392593384,
                        0.1734323799610138,
                        -0.5781625509262085
                    ],
                    [
                        0.5804329514503479,
                        0.04262050241231918,
                        0.8131919503211975
                    ],
                    [
                        0.16567540168762207,
                        -0.9839231371879578,
                        -0.06668555736541748
                    ]
                ],
                "tran":[
                    -132.4551544189453,
                    -20.14452362060547,
                    31.097347259521484
                ]
            }
        },
        "network.026":{
            "D49_aC2_24":{
                "module_name":"D49_aC2_24",
                "module_type":"hub",
                "c_linkage":[
                    {
                        "terminus":"c",
                        "source_chain_id":"A",
                        "target_mod":"D49.028",
                        "target_chain_id":"A"
                    }
                ],
                "n_linkage":[],
                "rot":[
                    [
                        0.9805684685707092,
                        -0.0170602984726429,
                        -0.1954340785741806
                    ],
                    [
                        0.15219734609127045,
                        -0.562413215637207,
                        0.8127286434173584
                    ],
                    [
                        -0.12378004938364029,
                        -0.826680600643158,
                        -0.5488881468772888
                    ]
                ],
                "tran":[
                    161.7964324951172,
                    9.470749855041504,
                    118.58052062988281
                ]
            },
            "D49.030":{
                "module_name":"D49",
                "module_type":"single",
                "c_linkage":[
                    {
                        "terminus":"c",
                        "source_chain_id":"A",
                        "target_mod":"D49.029",
                        "target_chain_id":"A"
                    }
                ],
                "n_linkage":[
                    {
                        "terminus":"n",
                        "source_chain_id":"A",
                        "target_mod":"D49.031",
                        "target_chain_id":"A"
                    }
                ],
                "rot":[
                    [
                        -0.04481469839811325,
                        -0.6795439720153809,
                        -0.732265055179596
                    ],
                    [
                        -0.7651496529579163,
                        -0.44792574644088745,
                        0.4625031352043152
                    ],
                    [
                        -0.6422913074493408,
                        0.5810190439224243,
                        -0.4998793601989746
                    ]
                ],
                "tran":[
                    131.82281494140625,
                    21.056102752685547,
                    -59.772193908691406
                ]
            },
            "D49_aC2_ext.003":{
                "module_name":"D49_aC2_ext",
                "module_type":"hub",
                "c_linkage":[],
                "n_linkage":[
                    {
                        "terminus":"n",
                        "source_chain_id":"D",
                        "target_mod":"D49.026",
                        "target_chain_id":"A"
                    },
                    {
                        "terminus":"n",
                        "source_chain_id":"C",
                        "target_mod":"D49.029",
                        "target_chain_id":"A"
                    }
                ],
                "rot":[
                    [
                        -0.028206631541252136,
                        0.5257197618484497,
                        -0.8501900434494019
                    ],
                    [
                        -0.39142581820487976,
                        0.7767991423606873,
                        0.4933243691921234
                    ],
                    [
                        0.9197772741317749,
                        0.34670135378837585,
                        0.1838693916797638
                    ]
                ],
                "tran":[
                    138.1087646484375,
                    25.24889373779297,
                    6.592126846313477
                ]
            },
            "D49.027":{
                "module_name":"D49",
                "module_type":"single",
                "c_linkage":[
                    {
                        "terminus":"c",
                        "source_chain_id":"A",
                        "target_mod":"D49.026",
                        "target_chain_id":"A"
                    }
                ],
                "n_linkage":[
                    {
                        "terminus":"n",
                        "source_chain_id":"A",
                        "target_mod":"D49.028",
                        "target_chain_id":"A"
                    }
                ],
                "rot":[
                    [
                        0.9493470191955566,
                        0.08276630938053131,
                        -0.30313366651535034
                    ],
                    [
                        0.04173598438501358,
                        0.9229292869567871,
                        0.3827004134654999
                    ],
                    [
                        0.3114456534385681,
                        -0.3759670853614807,
                        0.8727258443832397
                    ]
                ],
                "tran":[
                    166.28787231445312,
                    12.065956115722656,
                    65.54886627197266
                ]
            },
            "D49.026":{
                "module_name":"D49",
                "module_type":"single",
                "c_linkage":[
                    {
                        "terminus":"c",
                        "source_chain_id":"A",
                        "target_mod":"D49_aC2_ext.003",
                        "target_chain_id":"D"
                    }
                ],
                "n_linkage":[
                    {
                        "terminus":"n",
                        "source_chain_id":"A",
                        "target_mod":"D49.027",
                        "target_chain_id":"A"
                    }
                ],
                "rot":[
                    [
                        0.9884325861930847,
                        -0.10709354281425476,
                        -0.10738716274499893
                    ],
                    [
                        0.13997410237789154,
                        0.9167518615722656,
                        0.3741300106048584
                    ],
                    [
                        0.05838047340512276,
                        -0.3848337233066559,
                        0.9211377501487732
                    ]
                ],
                "tran":[
                    160.9571075439453,
                    15.537393569946289,
                    46.47706985473633
                ]
            },
            "D49_aC2_24.001":{
                "module_name":"D49_aC2_24",
                "module_type":"hub",
                "c_linkage":[
                    {
                        "terminus":"c",
                        "source_chain_id":"A",
                        "target_mod":"D49.031",
                        "target_chain_id":"A"
                    }
                ],
                "n_linkage":[],
                "rot":[
                    [
                        0.03161066398024559,
                        0.837924599647522,
                        -0.5448698997497559
                    ],
                    [
                        -0.9682570695877075,
                        -0.10956326872110367,
                        -0.22466465830802917
                    ],
                    [
                        -0.2479497343301773,
                        0.5346759557723999,
                        0.8078629970550537
                    ]
                ],
                "tran":[
                    112.5472640991211,
                    43.510074615478516,
                    -104.08401489257812
                ]
            },
            "D49.029":{
                "module_name":"D49",
                "module_type":"single",
                "c_linkage":[
                    {
                        "terminus":"c",
                        "source_chain_id":"A",
                        "target_mod":"D49_aC2_ext.003",
                        "target_chain_id":"C"
                    }
                ],
                "n_linkage":[
                    {
                        "terminus":"n",
                        "source_chain_id":"A",
                        "target_mod":"D49.030",
                        "target_chain_id":"A"
                    }
                ],
                "rot":[
                    [
                        -0.02872156910598278,
                        -0.69379061460495,
                        -0.7196038365364075
                    ],
                    [
                        -0.9112902879714966,
                        -0.2776556611061096,
                        0.30406808853149414
                    ],
                    [
                        -0.41076165437698364,
                        0.6645013093948364,
                        -0.6242699027061462
                    ]
                ],
                "tran":[
                    135.59133911132812,
                    18.576824188232422,
                    -40.180030822753906
                ]
            },
            "D49.031":{
                "module_name":"D49",
                "module_type":"single",
                "c_linkage":[
                    {
                        "terminus":"c",
                        "source_chain_id":"A",
                        "target_mod":"D49.030",
                        "target_chain_id":"A"
                    }
                ],
                "n_linkage":[
                    {
                        "terminus":"n",
                        "source_chain_id":"A",
                        "target_mod":"D49_aC2_24.001",
                        "target_chain_id":"A"
                    }
                ],
                "rot":[
                    [
                        -0.06544861942529678,
                        -0.6684728860855103,
                        -0.7408514022827148
                    ],
                    [
                        -0.5615278482437134,
                        -0.589059054851532,
                        0.5811165571212769
                    ],
                    [
                        -0.8248656392097473,
                        0.45404180884361267,
                        -0.3368133008480072
                    ]
                ],
                "tran":[
                    127.60262298583984,
                    28.772733688354492,
                    -77.85106658935547
                ]
            },
            "D49.028":{
                "module_name":"D49",
                "module_type":"single",
                "c_linkage":[
                    {
                        "terminus":"c",
                        "source_chain_id":"A",
                        "target_mod":"D49.027",
                        "target_chain_id":"A"
                    }
                ],
                "n_linkage":[
                    {
                        "terminus":"n",
                        "source_chain_id":"A",
                        "target_mod":"D49_aC2_24",
                        "target_chain_id":"A"
                    }
                ],
                "rot":[
                    [
                        0.8376798629760742,
                        0.2637441158294678,
                        -0.47825878858566284
                    ],
                    [
                        -0.052220653742551804,
                        0.9103385806083679,
                        0.41055652499198914
                    ],
                    [
                        0.5436593294143677,
                        -0.3189399540424347,
                        0.7763451933860779
                    ]
                ],
                "tran":[
                    166.20956420898438,
                    8.081250190734863,
                    85.25463104248047
                ]
            }
        }
    }
}