{
    "networks":{
        "network.007":{
            "D49_aC2_ext.002":{
                "module_name":"D49_aC2_ext",
                "module_type":"hub",
                "c_linkage":[
                    {
                        "source_chain_id":"D",
                        "terminus":"c",
                        "target_mod":"D49.006",
                        "target_chain_id":"A"
                    }
                ],
                "n_linkage":[
                    {
                        "source_chain_id":"D",
                        "terminus":"n",
                        "target_mod":"D49.012",
                        "target_chain_id":"A"
                    }
                ],
                "rot":[
                    [
                        0.2772493362426758,
                        -0.39081552624702454,
                        0.8777220845222473
                    ],
                    [
                        0.48388582468032837,
                        -0.7324243187904358,
                        -0.4789668619632721
                    ],
                    [
                        0.8300526142120361,
                        0.557510495185852,
                        -0.01395408995449543
                    ]
                ],
                "tran":[
                    -131.0800323486328,
                    -24.628650665283203,
                    34.0037956237793
                ]
            },
            "D49.015":{
                "module_name":"D49",
                "module_type":"single",
                "c_linkage":[
                    {
                        "source_chain_id":"A",
                        "terminus":"c",
                        "target_mod":"D49.012",
                        "target_chain_id":"A"
                    }
                ],
                "n_linkage":[
                    {
                        "source_chain_id":"A",
                        "terminus":"n",
                        "target_mod":"D49.016",
                        "target_chain_id":"A"
                    }
                ],
                "rot":[
                    [
                        -0.7663013339042664,
                        -0.27269044518470764,
                        0.5817404389381409
                    ],
                    [
                        0.10854830592870712,
                        -0.9473929405212402,
                        -0.3011038899421692
                    ],
                    [
                        0.633245050907135,
                        -0.16758939623832703,
                        0.7555888295173645
                    ]
                ],
                "tran":[
                    -137.80946350097656,
                    -3.385939598083496,
                    96.04353332519531
                ]
            },
            "D49.012":{
                "module_name":"D49",
                "module_type":"single",
                "c_linkage":[
                    {
                        "source_chain_id":"A",
                        "terminus":"c",
                        "target_mod":"D49_aC2_ext.002",
                        "target_chain_id":"D"
                    }
                ],
                "n_linkage":[
                    {
                        "source_chain_id":"A",
                        "terminus":"n",
                        "target_mod":"D49.015",
                        "target_chain_id":"A"
                    }
                ],
                "rot":[
                    [
                        -0.9025346636772156,
                        -0.0997190847992897,
                        0.41891148686408997
                    ],
                    [
                        -0.01589113101363182,
                        -0.9644418358802795,
                        -0.2638160288333893
                    ],
                    [
                        0.43032336235046387,
                        -0.2447601556777954,
                        0.8688579797744751
                    ]
                ],
                "tran":[
                    -140.1692352294922,
                    -9.849700927734375,
                    77.15298461914062
                ]
            },
            "D49":{
                "module_name":"D49",
                "module_type":"single",
                "c_linkage":[],
                "n_linkage":[
                    {
                        "source_chain_id":"A",
                        "terminus":"n",
                        "target_mod":"D49.001",
                        "target_chain_id":"A"
                    }
                ],
                "rot":[
                    [
                        -0.08005505055189133,
                        0.7394948601722717,
                        -0.6683850884437561
                    ],
                    [
                        -0.8355681896209717,
                        -0.41541072726249695,
                        -0.35952723026275635
                    ],
                    [
                        -0.543522834777832,
                        0.5296993255615234,
                        0.6511540412902832
                    ]
                ],
                "tran":[
                    -40.670249938964844,
                    -21.74129867553711,
                    -9.341039657592773
                ]
            },
            "D49.001":{
                "module_name":"D49",
                "module_type":"single",
                "c_linkage":[
                    {
                        "source_chain_id":"A",
                        "terminus":"c",
                        "target_mod":"D49",
                        "target_chain_id":"A"
                    }
                ],
                "n_linkage":[
                    {
                        "source_chain_id":"A",
                        "terminus":"n",
                        "target_mod":"D49.002",
                        "target_chain_id":"A"
                    }
                ],
                "rot":[
                    [
                        -0.34661126136779785,
                        0.7176129817962646,
                        -0.6040634512901306
                    ],
                    [
                        -0.8001171350479126,
                        -0.5622973442077637,
                        -0.20888905227184296
                    ],
                    [
                        -0.48956459760665894,
                        0.4109182059764862,
                        0.7690727114677429
                    ]
                ],
                "tran":[
                    -59.836700439453125,
                    -27.70359992980957,
                    -8.200984001159668
                ]
            },
            "D49.002":{
                "module_name":"D49",
                "module_type":"single",
                "c_linkage":[
                    {
                        "source_chain_id":"A",
                        "terminus":"c",
                        "target_mod":"D49.001",
                        "target_chain_id":"A"
                    }
                ],
                "n_linkage":[
                    {
                        "source_chain_id":"A",
                        "terminus":"n",
                        "target_mod":"D49.006",
                        "target_chain_id":"A"
                    }
                ],
                "rot":[
                    [
                        -0.5862320065498352,
                        0.6450980305671692,
                        -0.4900827705860138
                    ],
                    [
                        -0.7088700532913208,
                        -0.7013187408447266,
                        -0.07520568370819092
                    ],
                    [
                        -0.39221909642219543,
                        0.30331698060035706,
                        0.8684256076812744
                    ]
                ],
                "tran":[
                    -79.32257843017578,
                    -29.462966918945312,
                    -3.574223518371582
                ]
            },
            "D49.016":{
                "module_name":"D49",
                "module_type":"single",
                "c_linkage":[
                    {
                        "source_chain_id":"A",
                        "terminus":"c",
                        "target_mod":"D49.015",
                        "target_chain_id":"A"
                    }
                ],
                "n_linkage":[
                    {
                        "source_chain_id":"A",
                        "terminus":"n",
                        "target_mod":"D49.019",
                        "target_chain_id":"A"
                    }
                ],
                "rot":[
                    [
                        -0.5708383321762085,
                        -0.41839057207107544,
                        0.7064653038978577
                    ],
                    [
                        0.21770069003105164,
                        -0.9067584276199341,
                        -0.36110374331474304
                    ],
                    [
                        0.7916756272315979,
                        -0.05233382806181908,
                        0.6086961030960083
                    ]
                ],
                "tran":[
                    -130.1718292236328,
                    3.037104606628418,
                    113.49668884277344
                ]
            },
            "D49.019":{
                "module_name":"D49",
                "module_type":"single",
                "c_linkage":[
                    {
                        "source_chain_id":"A",
                        "terminus":"c",
                        "target_mod":"D49.016",
                        "target_chain_id":"A"
                    }
                ],
                "n_linkage":[],
                "rot":[
                    [
                        -0.33101171255111694,
                        -0.5257402062416077,
                        0.7835999727249146
                    ],
                    [
                        0.30326738953590393,
                        -0.8456293940544128,
                        -0.4392499625682831
                    ],
                    [
                        0.8935662508010864,
                        0.0922435000538826,
                        0.4393526017665863
                    ]
                ],
                "tran":[
                    -117.80767822265625,
                    8.711227416992188,
                    128.29983520507812
                ]
            },
            "D49.006":{
                "module_name":"D49",
                "module_type":"single",
                "c_linkage":[
                    {
                        "source_chain_id":"A",
                        "terminus":"c",
                        "target_mod":"D49.002",
                        "target_chain_id":"A"
                    }
                ],
                "n_linkage":[
                    {
                        "source_chain_id":"A",
                        "terminus":"n",
                        "target_mod":"D49_aC2_ext.002",
                        "target_chain_id":"D"
                    }
                ],
                "rot":[
                    [
                        -0.7806922793388367,
                        0.5274654626846313,
                        -0.3351120948791504
                    ],
                    [
                        -0.5687668323516846,
                        -0.8219012022018433,
                        0.03135483339428902
                    ],
                    [
                        -0.25889039039611816,
                        0.21507909893989563,
                        0.9416564106941223
                    ]
                ],
                "tran":[
                    -97.62789916992188,
                    -27.043779373168945,
                    4.379639625549316
                ]
            }
        },
        "network.006":{
            "D49.009":{
                "module_name":"D49",
                "module_type":"single",
                "c_linkage":[
                    {
                        "source_chain_id":"A",
                        "terminus":"c",
                        "target_mod":"D49_aC2_ext.001",
                        "target_chain_id":"C"
                    }
                ],
                "n_linkage":[
                    {
                        "source_chain_id":"A",
                        "terminus":"n",
                        "target_mod":"D49.010",
                        "target_chain_id":"A"
                    }
                ],
                "rot":[
                    [
                        0.11175312101840973,
                        -0.8359511494636536,
                        -0.5373052358627319
                    ],
                    [
                        -0.9683235287666321,
                        -0.21309997141361237,
                        0.13014575839042664
                    ],
                    [
                        -0.22329522669315338,
                        0.5057411193847656,
                        -0.8332857489585876
                    ]
                ],
                "tran":[
                    141.65228271484375,
                    12.115076065063477,
                    -20.73001480102539
                ]
            },
            "D49.021":{
                "module_name":"D49",
                "module_type":"single",
                "c_linkage":[
                    {
                        "source_chain_id":"A",
                        "terminus":"c",
                        "target_mod":"D49.010",
                        "target_chain_id":"A"
                    }
                ],
                "n_linkage":[
                    {
                        "source_chain_id":"A",
                        "terminus":"n",
                        "target_mod":"D49.022",
                        "target_chain_id":"A"
                    }
                ],
                "rot":[
                    [
                        0.17493057250976562,
                        -0.7452691197395325,
                        -0.6434075236320496
                    ],
                    [
                        -0.7005866765975952,
                        -0.553374171257019,
                        0.4505055546760559
                    ],
                    [
                        -0.6917929649353027,
                        0.371955543756485,
                        -0.6189276576042175
                    ]
                ],
                "tran":[
                    143.63760375976562,
                    14.87513542175293,
                    -60.42034912109375
                ]
            },
            "D49.014":{
                "module_name":"D49",
                "module_type":"single",
                "c_linkage":[
                    {
                        "source_chain_id":"A",
                        "terminus":"c",
                        "target_mod":"D49.013",
                        "target_chain_id":"A"
                    }
                ],
                "n_linkage":[
                    {
                        "source_chain_id":"A",
                        "terminus":"n",
                        "target_mod":"D49.017",
                        "target_chain_id":"A"
                    }
                ],
                "rot":[
                    [
                        0.7840822339057922,
                        0.3115054965019226,
                        -0.5368234515190125
                    ],
                    [
                        0.061077360063791275,
                        0.8220034241676331,
                        0.5661978125572205
                    ],
                    [
                        0.6176444292068481,
                        -0.47673338651657104,
                        0.6254923343658447
                    ]
                ],
                "tran":[
                    140.59024047851562,
                    28.45026206970215,
                    87.8507080078125
                ]
            },
            "D49.013":{
                "module_name":"D49",
                "module_type":"single",
                "c_linkage":[
                    {
                        "source_chain_id":"A",
                        "terminus":"c",
                        "target_mod":"D49_aC2_ext.001",
                        "target_chain_id":"D"
                    }
                ],
                "n_linkage":[
                    {
                        "source_chain_id":"A",
                        "terminus":"n",
                        "target_mod":"D49.014",
                        "target_chain_id":"A"
                    }
                ],
                "rot":[
                    [
                        0.918220579624176,
                        0.13670757412910461,
                        -0.3717283606529236
                    ],
                    [
                        0.10370659828186035,
                        0.8228133916854858,
                        0.558769166469574
                    ],
                    [
                        0.3822510540485382,
                        -0.551624059677124,
                        0.7413467764854431
                    ]
                ],
                "tran":[
                    142.5271759033203,
                    28.195322036743164,
                    67.84107971191406
                ]
            },
            "D49.017":{
                "module_name":"D49",
                "module_type":"single",
                "c_linkage":[
                    {
                        "source_chain_id":"A",
                        "terminus":"c",
                        "target_mod":"D49.014",
                        "target_chain_id":"A"
                    }
                ],
                "n_linkage":[
                    {
                        "source_chain_id":"A",
                        "terminus":"n",
                        "target_mod":"D49.018",
                        "target_chain_id":"A"
                    }
                ],
                "rot":[
                    [
                        0.5898446440696716,
                        0.4594205319881439,
                        -0.6640904545783997
                    ],
                    [
                        0.02168978378176689,
                        0.813075602054596,
                        0.5817539095878601
                    ],
                    [
                        0.8072254061698914,
                        -0.35754841566085815,
                        0.46962353587150574
                    ]
                ],
                "tran":[
                    133.33193969726562,
                    28.579425811767578,
                    106.59908294677734
                ]
            },
            "D49.010":{
                "module_name":"D49",
                "module_type":"single",
                "c_linkage":[
                    {
                        "source_chain_id":"A",
                        "terminus":"c",
                        "target_mod":"D49.009",
                        "target_chain_id":"A"
                    }
                ],
                "n_linkage":[
                    {
                        "source_chain_id":"A",
                        "terminus":"n",
                        "target_mod":"D49.021",
                        "target_chain_id":"A"
                    }
                ],
                "rot":[
                    [
                        0.1529923379421234,
                        -0.7943859696388245,
                        -0.5878301858901978
                    ],
                    [
                        -0.866750955581665,
                        -0.393593966960907,
                        0.3063115179538727
                    ],
                    [
                        -0.47469592094421387,
                        0.4626390337944031,
                        -0.748751699924469
                    ]
                ],
                "tran":[
                    143.1504669189453,
                    10.811939239501953,
                    -40.73648452758789
                ]
            },
            "D49.025":{
                "module_name":"D49",
                "module_type":"single",
                "c_linkage":[
                    {
                        "source_chain_id":"A",
                        "terminus":"c",
                        "target_mod":"D49.022",
                        "target_chain_id":"A"
                    }
                ],
                "n_linkage":[],
                "rot":[
                    [
                        0.1558150053024292,
                        -0.6396461725234985,
                        -0.7527115345001221
                    ],
                    [
                        -0.22900822758674622,
                        -0.7646491527557373,
                        0.6023846864700317
                    ],
                    [
                        -0.9608731269836426,
                        0.07851648330688477,
                        -0.26562821865081787
                    ]
                ],
                "tran":[
                    140.5699462890625,
                    37.31574630737305,
                    -93.19062042236328
                ]
            },
            "D49.018":{
                "module_name":"D49",
                "module_type":"single",
                "c_linkage":[
                    {
                        "source_chain_id":"A",
                        "terminus":"c",
                        "target_mod":"D49.017",
                        "target_chain_id":"A"
                    }
                ],
                "n_linkage":[],
                "rot":[
                    [
                        0.35028186440467834,
                        0.5692024230957031,
                        -0.743848979473114
                    ],
                    [
                        -0.011460406705737114,
                        0.7967088222503662,
                        0.6042547225952148
                    ],
                    [
                        0.9365742802619934,
                        -0.2031346708536148,
                        0.28559592366218567
                    ]
                ],
                "tran":[
                    121.28986358642578,
                    28.81954574584961,
                    122.6966552734375
                ]
            },
            "D49_aC2_ext.001":{
                "module_name":"D49_aC2_ext",
                "module_type":"hub",
                "c_linkage":[],
                "n_linkage":[
                    {
                        "source_chain_id":"C",
                        "terminus":"n",
                        "target_mod":"D49.009",
                        "target_chain_id":"A"
                    },
                    {
                        "source_chain_id":"D",
                        "terminus":"n",
                        "target_mod":"D49.013",
                        "target_chain_id":"A"
                    }
                ],
                "rot":[
                    [
                        -0.26800185441970825,
                        0.4470601975917816,
                        -0.8534122705459595
                    ],
                    [
                        -0.16705463826656342,
                        0.8508340716362,
                        0.49817079305648804
                    ],
                    [
                        0.9488245844841003,
                        0.2760770618915558,
                        -0.1533416509628296
                    ]
                ],
                "tran":[
                    132.50054931640625,
                    28.472591400146484,
                    22.4288330078125
                ]
            },
            "D49.022":{
                "module_name":"D49",
                "module_type":"single",
                "c_linkage":[
                    {
                        "source_chain_id":"A",
                        "terminus":"c",
                        "target_mod":"D49.021",
                        "target_chain_id":"A"
                    }
                ],
                "n_linkage":[
                    {
                        "source_chain_id":"A",
                        "terminus":"n",
                        "target_mod":"D49.025",
                        "target_chain_id":"A"
                    }
                ],
                "rot":[
                    [
                        0.1758934110403061,
                        -0.6923491954803467,
                        -0.6997958421707153
                    ],
                    [
                        -0.4824800193309784,
                        -0.6802728772163391,
                        0.5517627000808716
                    ],
                    [
                        -0.8580644726753235,
                        0.2405860424041748,
                        -0.4537002444267273
                    ]
                ],
                "tran":[
                    142.83700561523438,
                    23.953834533691406,
                    -78.34066772460938
                ]
            }
        }
    },
    "pg_networks":{
        "pg_network.023":{
            "joint.007":{
                "occupant":"",
                "occupant_parent":"",
                "hinge":"",
                "tx_tol":0.0,
                "rt_tol":[],
                "neighbors":[
                    "joint.008"
                ],
                "rot":[
                    [
                        1.0,
                        0.0,
                        0.0
                    ],
                    [
                        0.0,
                        1.0,
                        0.0
                    ],
                    [
                        0.0,
                        0.0,
                        1.0
                    ]
                ],
                "tran":[
                    -140.9962921142578,
                    -71.5509262084961,
                    -71.87891387939453
                ]
            },
            "joint.009":{
                "occupant":"",
                "occupant_parent":"",
                "hinge":"",
                "tx_tol":0.0,
                "rt_tol":[],
                "neighbors":[
                    "joint.010",
                    "joint.008"
                ],
                "rot":[
                    [
                        1.0,
                        0.0,
                        7.450580596923828e-09
                    ],
                    [
                        0.0,
                        1.0,
                        0.0
                    ],
                    [
                        -7.450580596923828e-09,
                        0.0,
                        1.0
                    ]
                ],
                "tran":[
                    -144.69476318359375,
                    -39.72039031982422,
                    -48.21415710449219
                ]
            },
            "joint.008":{
                "occupant":"",
                "occupant_parent":"",
                "hinge":"",
                "tx_tol":0.0,
                "rt_tol":[],
                "neighbors":[
                    "joint.009",
                    "joint.007"
                ],
                "rot":[
                    [
                        1.0,
                        0.0,
                        7.450580596923828e-09
                    ],
                    [
                        0.0,
                        1.0,
                        0.0
                    ],
                    [
                        -7.450580596923828e-09,
                        0.0,
                        1.0
                    ]
                ],
                "tran":[
                    -143.7340545654297,
                    -54.159576416015625,
                    -62.17082977294922
                ]
            },
            "joint.012":{
                "occupant":"D49_aC2_ext.002",
                "occupant_parent":"network.007",
                "hinge":"",
                "tx_tol":0.0,
                "rt_tol":[],
                "neighbors":[
                    "joint.011"
                ],
                "rot":[
                    [
                        1.0,
                        0.0,
                        7.450580596923828e-09
                    ],
                    [
                        0.0,
                        1.0,
                        0.0
                    ],
                    [
                        -7.450580596923828e-09,
                        0.0,
                        1.0
                    ]
                ],
                "tran":[
                    -131.0800323486328,
                    -24.62864875793457,
                    34.0037956237793
                ]
            },
            "joint.011":{
                "occupant":"",
                "occupant_parent":"",
                "hinge":"joint.012",
                "tx_tol":5.0,
                "rt_tol":[],
                "neighbors":[
                    "joint.012",
                    "joint.010"
                ],
                "rot":[
                    [
                        1.0,
                        0.0,
                        7.450580596923828e-09
                    ],
                    [
                        0.0,
                        1.0,
                        0.0
                    ],
                    [
                        -7.450580596923828e-09,
                        0.0,
                        1.0
                    ]
                ],
                "tran":[
                    -142.05783081054688,
                    -23.910511016845703,
                    -11.745307922363281
                ]
            },
            "joint.010":{
                "occupant":"",
                "occupant_parent":"",
                "hinge":"",
                "tx_tol":0.0,
                "rt_tol":[],
                "neighbors":[
                    "joint.011",
                    "joint.009"
                ],
                "rot":[
                    [
                        1.0,
                        0.0,
                        7.450580596923828e-09
                    ],
                    [
                        0.0,
                        1.0,
                        0.0
                    ],
                    [
                        -7.450580596923828e-09,
                        0.0,
                        1.0
                    ]
                ],
                "tran":[
                    -144.04090881347656,
                    -29.364004135131836,
                    -30.99441909790039
                ]
            }
        },
        "pg_network.012":{
            "joint.002":{
                "occupant":"",
                "occupant_parent":"",
                "hinge":"",
                "tx_tol":0.0,
                "rt_tol":[],
                "neighbors":[
                    "joint.003",
                    "joint.001"
                ],
                "rot":[
                    [
                        1.0,
                        0.0,
                        1.862645149230957e-08
                    ],
                    [
                        0.0,
                        1.0,
                        0.0
                    ],
                    [
                        -1.862645149230957e-08,
                        0.0,
                        1.0
                    ]
                ],
                "tran":[
                    79.62215423583984,
                    23.700050354003906,
                    -13.563034057617188
                ]
            },
            "joint.003":{
                "occupant":"",
                "occupant_parent":"",
                "hinge":"",
                "tx_tol":0.0,
                "rt_tol":[],
                "neighbors":[
                    "joint.004",
                    "joint.002"
                ],
                "rot":[
                    [
                        1.0,
                        0.0,
                        1.862645149230957e-08
                    ],
                    [
                        0.0,
                        1.0,
                        0.0
                    ],
                    [
                        -1.862645149230957e-08,
                        0.0,
                        1.0
                    ]
                ],
                "tran":[
                    59.90956115722656,
                    21.65906524658203,
                    -16.946809768676758
                ]
            },
            "joint.005":{
                "occupant":"D49",
                "occupant_parent":"network.007",
                "hinge":"",
                "tx_tol":0.0,
                "rt_tol":[],
                "neighbors":[
                    "joint.006"
                ],
                "rot":[
                    [
                        1.0,
                        0.0,
                        1.862645149230957e-08
                    ],
                    [
                        0.0,
                        1.0,
                        0.0
                    ],
                    [
                        -1.862645149230957e-08,
                        0.0,
                        1.0
                    ]
                ],
                "tran":[
                    -40.67024612426758,
                    -21.74129867553711,
                    -9.341041564941406
                ]
            },
            "joint.001":{
                "occupant":"",
                "occupant_parent":"",
                "hinge":"joint",
                "tx_tol":5.0,
                "rt_tol":[],
                "neighbors":[
                    "joint.002",
                    "joint"
                ],
                "rot":[
                    [
                        1.0,
                        0.0,
                        3.725290298461914e-09
                    ],
                    [
                        0.0,
                        1.0,
                        0.0
                    ],
                    [
                        -3.725290298461914e-09,
                        0.0,
                        1.0
                    ]
                ],
                "tran":[
                    98.08311462402344,
                    22.964977264404297,
                    -5.634969711303711
                ]
            },
            "joint":{
                "occupant":"D49_aC2_ext.001",
                "occupant_parent":"network.006",
                "hinge":"",
                "tx_tol":0.0,
                "rt_tol":[],
                "neighbors":[
                    "joint.001"
                ],
                "rot":[
                    [
                        1.0,
                        0.0,
                        3.725290298461914e-09
                    ],
                    [
                        0.0,
                        1.0,
                        0.0
                    ],
                    [
                        -3.725290298461914e-09,
                        0.0,
                        1.0
                    ]
                ],
                "tran":[
                    132.50054931640625,
                    28.47259521484375,
                    22.4288330078125
                ]
            },
            "joint.006":{
                "occupant":"",
                "occupant_parent":"",
                "hinge":"joint.005",
                "tx_tol":5.0,
                "rt_tol":[],
                "neighbors":[
                    "joint.005",
                    "joint.004"
                ],
                "rot":[
                    [
                        1.0,
                        0.0,
                        1.862645149230957e-08
                    ],
                    [
                        0.0,
                        1.0,
                        0.0
                    ],
                    [
                        -1.862645149230957e-08,
                        0.0,
                        1.0
                    ]
                ],
                "tran":[
                    -4.76837158203125e-06,
                    -1.1920928955078125e-06,
                    0.0
                ]
            },
            "joint.004":{
                "occupant":"",
                "occupant_parent":"",
                "hinge":"",
                "tx_tol":0.0,
                "rt_tol":[],
                "neighbors":[
                    "joint.006",
                    "joint.003"
                ],
                "rot":[
                    [
                        1.0,
                        0.0,
                        1.862645149230957e-08
                    ],
                    [
                        0.0,
                        1.0,
                        0.0
                    ],
                    [
                        -1.862645149230957e-08,
                        0.0,
                        1.0
                    ]
                ],
                "tran":[
                    40.44743347167969,
                    16.783876419067383,
                    -15.658519744873047
                ]
            }
        }
    }
}