{
    "networks":{},
    "pg_networks":{
        "pg_network.052":{
            "joint.020":{
                "occupant":"",
                "occupant_parent":"",
                "hinge":"",
                "tx_tol":0.0,
                "rt_tol":[],
                "neighbors":[
                    "joint.022",
                    "joint.019"
                ],
                "rot":[
                    [
                        1.0,
                        1.4901161193847656e-08,
                        0.0
                    ],
                    [
                        -1.4901161193847656e-08,
                        1.0,
                        -0.0
                    ],
                    [
                        -0.0,
                        0.0,
                        1.0
                    ]
                ],
                "tran":[
                    -144.22422790527344,
                    2.6084251403808594,
                    70.87527465820312
                ]
            },
            "joint.021":{
                "occupant":"",
                "occupant_parent":"",
                "hinge":"",
                "tx_tol":0.0,
                "rt_tol":[],
                "neighbors":[
                    "joint.022",
                    "joint.016"
                ],
                "rot":[
                    [
                        1.0,
                        1.4901161193847656e-08,
                        0.0
                    ],
                    [
                        -1.4901161193847656e-08,
                        1.0,
                        -0.0
                    ],
                    [
                        -0.0,
                        0.0,
                        1.0
                    ]
                ],
                "tran":[
                    -138.5833740234375,
                    -23.803682327270508,
                    -15.337825775146484
                ]
            },
            "joint.001":{
                "occupant":"",
                "occupant_parent":"",
                "hinge":"",
                "tx_tol":0.0,
                "rt_tol":[],
                "neighbors":[
                    "joint.002",
                    "joint"
                ],
                "rot":[
                    [
                        1.0,
                        3.725290298461914e-08,
                        1.862645149230957e-09
                    ],
                    [
                        -3.725290298461914e-08,
                        1.0,
                        -2.0816681711721685e-17
                    ],
                    [
                        -1.862645149230957e-09,
                        -4.85722573273506e-17,
                        1.0
                    ]
                ],
                "tran":[
                    127.60260009765625,
                    28.772720336914062,
                    -77.85105895996094
                ]
            },
            "joint.022":{
                "occupant":"",
                "occupant_parent":"",
                "hinge":"",
                "tx_tol":0.0,
                "rt_tol":[],
                "neighbors":[
                    "joint.023",
                    "joint.020",
                    "joint.021"
                ],
                "rot":[
                    [
                        1.0,
                        1.4901161193847656e-08,
                        0.0
                    ],
                    [
                        -1.4901161193847656e-08,
                        1.0,
                        -0.0
                    ],
                    [
                        -0.0,
                        0.0,
                        1.0
                    ]
                ],
                "tran":[
                    -132.45516967773438,
                    -20.14452362060547,
                    31.09734535217285
                ]
            },
            "joint.007":{
                "occupant":"",
                "occupant_parent":"",
                "hinge":"",
                "tx_tol":0.0,
                "rt_tol":[],
                "neighbors":[
                    "joint.006",
                    "joint.008"
                ],
                "rot":[
                    [
                        1.0,
                        3.725290298461914e-08,
                        1.862645149230957e-09
                    ],
                    [
                        -3.725290298461914e-08,
                        1.0,
                        -2.0816681711721685e-17
                    ],
                    [
                        -1.862645149230957e-09,
                        -4.85722573273506e-17,
                        1.0
                    ]
                ],
                "tran":[
                    160.95706176757812,
                    15.537381172180176,
                    46.47706985473633
                ]
            },
            "joint":{
                "occupant":"",
                "occupant_parent":"",
                "hinge":"",
                "tx_tol":0.0,
                "rt_tol":[],
                "neighbors":[
                    "joint.001"
                ],
                "rot":[
                    [
                        1.0,
                        3.725290298461914e-08,
                        1.862645149230957e-09
                    ],
                    [
                        -3.725290298461914e-08,
                        1.0,
                        -2.0816681711721685e-17
                    ],
                    [
                        -1.862645149230957e-09,
                        -4.85722573273506e-17,
                        1.0
                    ]
                ],
                "tran":[
                    112.54722595214844,
                    43.51007080078125,
                    -104.08401489257812
                ]
            },
            "joint.018":{
                "occupant":"",
                "occupant_parent":"",
                "hinge":"",
                "tx_tol":0.0,
                "rt_tol":[],
                "neighbors":[
                    "joint.019",
                    "joint.017"
                ],
                "rot":[
                    [
                        1.0,
                        1.4901161193847656e-08,
                        0.0
                    ],
                    [
                        -1.4901161193847656e-08,
                        1.0,
                        -0.0
                    ],
                    [
                        -0.0,
                        0.0,
                        1.0
                    ]
                ],
                "tran":[
                    -137.99424743652344,
                    17.48154067993164,
                    107.30134582519531
                ]
            },
            "joint.010":{
                "occupant":"",
                "occupant_parent":"",
                "hinge":"",
                "tx_tol":0.0,
                "rt_tol":[],
                "neighbors":[
                    "joint.009",
                    "joint.011"
                ],
                "rot":[
                    [
                        1.0,
                        2.9802320611338473e-08,
                        1.862645149230957e-09
                    ],
                    [
                        -2.9802320611338473e-08,
                        1.0,
                        -2.7755573961267688e-17
                    ],
                    [
                        -1.862645149230957e-09,
                        -2.7755573961267688e-17,
                        1.0
                    ]
                ],
                "tran":[
                    80.04086303710938,
                    24.263748168945312,
                    -19.028287887573242
                ]
            },
            "joint.013":{
                "occupant":"",
                "occupant_parent":"",
                "hinge":"",
                "tx_tol":0.0,
                "rt_tol":[],
                "neighbors":[
                    "joint.012",
                    "joint.026"
                ],
                "rot":[
                    [
                        1.0,
                        1.4901161193847656e-08,
                        1.862645149230957e-09
                    ],
                    [
                        -1.4901161193847656e-08,
                        1.0,
                        -4.163336342344337e-17
                    ],
                    [
                        -1.862645149230957e-09,
                        1.3877787807814457e-17,
                        1.0
                    ]
                ],
                "tran":[
                    1.0530281066894531,
                    -1.5436958074569702,
                    0.13068079948425293
                ]
            },
            "joint.016":{
                "occupant":"",
                "occupant_parent":"",
                "hinge":"",
                "tx_tol":0.0,
                "rt_tol":[],
                "neighbors":[
                    "joint.021",
                    "joint.015"
                ],
                "rot":[
                    [
                        1.0,
                        1.4901161193847656e-08,
                        0.0
                    ],
                    [
                        -1.4901161193847656e-08,
                        1.0,
                        -0.0
                    ],
                    [
                        -0.0,
                        0.0,
                        1.0
                    ]
                ],
                "tran":[
                    -140.11355590820312,
                    -30.098285675048828,
                    -34.370384216308594
                ]
            },
            "joint.008":{
                "occupant":"",
                "occupant_parent":"",
                "hinge":"",
                "tx_tol":0.0,
                "rt_tol":[],
                "neighbors":[
                    "joint.007",
                    "joint.003",
                    "joint.009"
                ],
                "rot":[
                    [
                        1.0,
                        3.725290298461914e-08,
                        1.862645149230957e-09
                    ],
                    [
                        -3.725290298461914e-08,
                        1.0,
                        -2.0816681711721685e-17
                    ],
                    [
                        -1.862645149230957e-09,
                        -4.85722573273506e-17,
                        1.0
                    ]
                ],
                "tran":[
                    138.10873413085938,
                    25.248886108398438,
                    6.592129707336426
                ]
            },
            "joint.017":{
                "occupant":"",
                "occupant_parent":"",
                "hinge":"",
                "tx_tol":0.0,
                "rt_tol":[],
                "neighbors":[
                    "joint.018"
                ],
                "rot":[
                    [
                        1.0,
                        1.4901161193847656e-08,
                        0.0
                    ],
                    [
                        -1.4901161193847656e-08,
                        1.0,
                        -0.0
                    ],
                    [
                        -0.0,
                        0.0,
                        1.0
                    ]
                ],
                "tran":[
                    -125.67300415039062,
                    20.675865173339844,
                    138.44625854492188
                ]
            },
            "joint.012":{
                "occupant":"",
                "occupant_parent":"",
                "hinge":"",
                "tx_tol":0.0,
                "rt_tol":[],
                "neighbors":[
                    "joint.011",
                    "joint.013"
                ],
                "rot":[
                    [
                        1.0,
                        2.2351741790771484e-08,
                        1.862645149230957e-09
                    ],
                    [
                        -2.2351741790771484e-08,
                        1.0,
                        -3.469446951953614e-17
                    ],
                    [
                        -1.862645149230957e-09,
                        -6.938893903907228e-18,
                        1.0
                    ]
                ],
                "tran":[
                    41.18468475341797,
                    15.67899227142334,
                    -17.189733505249023
                ]
            },
            "joint.014":{
                "occupant":"",
                "occupant_parent":"",
                "hinge":"",
                "tx_tol":0.0,
                "rt_tol":[],
                "neighbors":[
                    "joint.015"
                ],
                "rot":[
                    [
                        1.0,
                        0.0,
                        0.0
                    ],
                    [
                        0.0,
                        1.0,
                        0.0
                    ],
                    [
                        0.0,
                        0.0,
                        1.0
                    ]
                ],
                "tran":[
                    -138.43551635742188,
                    -64.48993682861328,
                    -75.66958618164062
                ]
            },
            "joint.025":{
                "occupant":"",
                "occupant_parent":"",
                "hinge":"",
                "tx_tol":0.0,
                "rt_tol":[],
                "neighbors":[
                    "joint.026",
                    "joint.024"
                ],
                "rot":[
                    [
                        1.0,
                        1.4901161193847656e-08,
                        1.862645149230957e-09
                    ],
                    [
                        -1.4901161193847656e-08,
                        1.0,
                        -4.163336342344337e-17
                    ],
                    [
                        -1.862645149230957e-09,
                        1.3877787807814457e-17,
                        1.0
                    ]
                ],
                "tran":[
                    -59.83671188354492,
                    -27.703594207763672,
                    -8.200981140136719
                ]
            },
            "joint.006":{
                "occupant":"",
                "occupant_parent":"",
                "hinge":"",
                "tx_tol":0.0,
                "rt_tol":[],
                "neighbors":[
                    "joint.005",
                    "joint.007"
                ],
                "rot":[
                    [
                        1.0,
                        3.725290298461914e-08,
                        1.862645149230957e-09
                    ],
                    [
                        -3.725290298461914e-08,
                        1.0,
                        -2.0816681711721685e-17
                    ],
                    [
                        -1.862645149230957e-09,
                        -4.85722573273506e-17,
                        1.0
                    ]
                ],
                "tran":[
                    166.287841796875,
                    12.06594467163086,
                    65.54887390136719
                ]
            },
            "joint.015":{
                "occupant":"",
                "occupant_parent":"",
                "hinge":"",
                "tx_tol":0.0,
                "rt_tol":[],
                "neighbors":[
                    "joint.016",
                    "joint.014"
                ],
                "rot":[
                    [
                        1.0,
                        0.0,
                        0.0
                    ],
                    [
                        0.0,
                        1.0,
                        0.0
                    ],
                    [
                        0.0,
                        0.0,
                        1.0
                    ]
                ],
                "tran":[
                    -141.85369873046875,
                    -41.29252624511719,
                    -50.97949981689453
                ]
            },
            "joint.011":{
                "occupant":"",
                "occupant_parent":"",
                "hinge":"",
                "tx_tol":0.0,
                "rt_tol":[],
                "neighbors":[
                    "joint.010",
                    "joint.012"
                ],
                "rot":[
                    [
                        1.0,
                        2.2351741790771484e-08,
                        1.862645149230957e-09
                    ],
                    [
                        -2.2351741790771484e-08,
                        1.0,
                        -3.469446951953614e-17
                    ],
                    [
                        -1.862645149230957e-09,
                        -6.938893903907228e-18,
                        1.0
                    ]
                ],
                "tran":[
                    60.147647857666016,
                    21.619979858398438,
                    -20.24129867553711
                ]
            },
            "joint.026":{
                "occupant":"",
                "occupant_parent":"",
                "hinge":"",
                "tx_tol":0.0,
                "rt_tol":[],
                "neighbors":[
                    "joint.013",
                    "joint.025"
                ],
                "rot":[
                    [
                        1.0,
                        1.4901161193847656e-08,
                        1.862645149230957e-09
                    ],
                    [
                        -1.4901161193847656e-08,
                        1.0,
                        -4.163336342344337e-17
                    ],
                    [
                        -1.862645149230957e-09,
                        1.3877787807814457e-17,
                        1.0
                    ]
                ],
                "tran":[
                    -40.67026138305664,
                    -21.741294860839844,
                    -9.34104061126709
                ]
            },
            "joint.009":{
                "occupant":"",
                "occupant_parent":"",
                "hinge":"",
                "tx_tol":0.0,
                "rt_tol":[],
                "neighbors":[
                    "joint.008",
                    "joint.010"
                ],
                "rot":[
                    [
                        1.0,
                        3.725290298461914e-08,
                        1.862645149230957e-09
                    ],
                    [
                        -3.725290298461914e-08,
                        1.0,
                        -2.0816681711721685e-17
                    ],
                    [
                        -1.862645149230957e-09,
                        -4.85722573273506e-17,
                        1.0
                    ]
                ],
                "tran":[
                    99.35690307617188,
                    23.607275009155273,
                    -13.491064071655273
                ]
            },
            "joint.024":{
                "occupant":"",
                "occupant_parent":"",
                "hinge":"",
                "tx_tol":0.0,
                "rt_tol":[],
                "neighbors":[
                    "joint.025",
                    "joint.023"
                ],
                "rot":[
                    [
                        1.0,
                        1.4901161193847656e-08,
                        1.862645149230957e-09
                    ],
                    [
                        -1.4901161193847656e-08,
                        1.0,
                        -4.163336342344337e-17
                    ],
                    [
                        -1.862645149230957e-09,
                        1.3877787807814457e-17,
                        1.0
                    ]
                ],
                "tran":[
                    -79.32257843017578,
                    -29.462963104248047,
                    -3.574223518371582
                ]
            },
            "joint.005":{
                "occupant":"",
                "occupant_parent":"",
                "hinge":"",
                "tx_tol":0.0,
                "rt_tol":[],
                "neighbors":[
                    "joint.004",
                    "joint.006"
                ],
                "rot":[
                    [
                        1.0,
                        3.725290298461914e-08,
                        1.862645149230957e-09
                    ],
                    [
                        -3.725290298461914e-08,
                        1.0,
                        -2.0816681711721685e-17
                    ],
                    [
                        -1.862645149230957e-09,
                        -4.85722573273506e-17,
                        1.0
                    ]
                ],
                "tran":[
                    166.20953369140625,
                    8.08123779296875,
                    85.25463104248047
                ]
            },
            "joint.003":{
                "occupant":"",
                "occupant_parent":"",
                "hinge":"",
                "tx_tol":0.0,
                "rt_tol":[],
                "neighbors":[
                    "joint.008",
                    "joint.002"
                ],
                "rot":[
                    [
                        1.0,
                        3.725290298461914e-08,
                        1.862645149230957e-09
                    ],
                    [
                        -3.725290298461914e-08,
                        1.0,
                        -2.0816681711721685e-17
                    ],
                    [
                        -1.862645149230957e-09,
                        -4.85722573273506e-17,
                        1.0
                    ]
                ],
                "tran":[
                    135.59130859375,
                    18.576814651489258,
                    -40.18003463745117
                ]
            },
            "joint.002":{
                "occupant":"",
                "occupant_parent":"",
                "hinge":"",
                "tx_tol":0.0,
                "rt_tol":[],
                "neighbors":[
                    "joint.003",
                    "joint.001"
                ],
                "rot":[
                    [
                        1.0,
                        3.725290298461914e-08,
                        1.862645149230957e-09
                    ],
                    [
                        -3.725290298461914e-08,
                        1.0,
                        -2.0816681711721685e-17
                    ],
                    [
                        -1.862645149230957e-09,
                        -4.85722573273506e-17,
                        1.0
                    ]
                ],
                "tran":[
                    131.82278442382812,
                    21.056095123291016,
                    -59.772193908691406
                ]
            },
            "joint.004":{
                "occupant":"",
                "occupant_parent":"",
                "hinge":"",
                "tx_tol":0.0,
                "rt_tol":[],
                "neighbors":[
                    "joint.005"
                ],
                "rot":[
                    [
                        1.0,
                        3.725290298461914e-08,
                        1.862645149230957e-09
                    ],
                    [
                        -3.725290298461914e-08,
                        1.0,
                        -2.0816681711721685e-17
                    ],
                    [
                        -1.862645149230957e-09,
                        -4.85722573273506e-17,
                        1.0
                    ]
                ],
                "tran":[
                    161.79638671875,
                    9.470738410949707,
                    118.58053588867188
                ]
            },
            "joint.019":{
                "occupant":"",
                "occupant_parent":"",
                "hinge":"",
                "tx_tol":0.0,
                "rt_tol":[],
                "neighbors":[
                    "joint.020",
                    "joint.018"
                ],
                "rot":[
                    [
                        1.0,
                        1.4901161193847656e-08,
                        0.0
                    ],
                    [
                        -1.4901161193847656e-08,
                        1.0,
                        -0.0
                    ],
                    [
                        -0.0,
                        0.0,
                        1.0
                    ]
                ],
                "tran":[
                    -143.80348205566406,
                    10.391294479370117,
                    89.40771484375
                ]
            },
            "joint.023":{
                "occupant":"",
                "occupant_parent":"",
                "hinge":"",
                "tx_tol":0.0,
                "rt_tol":[],
                "neighbors":[
                    "joint.024",
                    "joint.022"
                ],
                "rot":[
                    [
                        1.0,
                        1.4901161193847656e-08,
                        1.862645149230957e-09
                    ],
                    [
                        -1.4901161193847656e-08,
                        1.0,
                        -4.163336342344337e-17
                    ],
                    [
                        -1.862645149230957e-09,
                        1.3877787807814457e-17,
                        1.0
                    ]
                ],
                "tran":[
                    -97.6279067993164,
                    -27.043771743774414,
                    4.379639625549316
                ]
            }
        }
    }
}