{
    "pg_networks":{
        "pg_network.056":{
            "joint.017":{
                "occupant":"",
                "occupant_parent":"",
                "hinge":"",
                "tx_tol":0.0,
                "rt_tol":[],
                "neighbors":[
                    "joint.016",
                    "joint.018"
                ],
                "rot":[
                    [
                        1.0,
                        9.931163447163271e-08,
                        -6.0257963063747866e-09
                    ],
                    [
                        -9.931163447163271e-08,
                        1.0,
                        -3.7252896323280993e-09
                    ],
                    [
                        6.0257963063747866e-09,
                        3.725290076417309e-09,
                        1.0
                    ]
                ],
                "tran":[
                    -4.097458839416504,
                    -37.30506134033203,
                    18.167617797851562
                ]
            },
            "joint.023":{
                "occupant":"",
                "occupant_parent":"",
                "hinge":"",
                "tx_tol":0.0,
                "rt_tol":[],
                "neighbors":[
                    "joint.020",
                    "joint.022"
                ],
                "rot":[
                    [
                        1.0,
                        9.931163447163271e-08,
                        -6.025795862285577e-09
                    ],
                    [
                        -9.931163447163271e-08,
                        1.0,
                        -3.7252896323280993e-09
                    ],
                    [
                        6.025795862285577e-09,
                        3.725290076417309e-09,
                        1.0
                    ]
                ],
                "tran":[
                    -68.90229797363281,
                    -6.43404483795166,
                    23.55054473876953
                ]
            },
            "joint.014":{
                "occupant":"",
                "occupant_parent":"",
                "hinge":"",
                "tx_tol":0.0,
                "rt_tol":[],
                "neighbors":[
                    "joint.013",
                    "joint.015"
                ],
                "rot":[
                    [
                        1.0,
                        9.931163447163271e-08,
                        -6.0257963063747866e-09
                    ],
                    [
                        -9.931163447163271e-08,
                        1.0,
                        -3.7252896323280993e-09
                    ],
                    [
                        6.0257963063747866e-09,
                        3.725290076417309e-09,
                        1.0
                    ]
                ],
                "tran":[
                    26.635665893554688,
                    -57.535240173339844,
                    -29.187026977539062
                ]
            },
            "joint.021":{
                "occupant":"",
                "occupant_parent":"",
                "hinge":"",
                "tx_tol":0.0,
                "rt_tol":[],
                "neighbors":[
                    "joint.022"
                ],
                "rot":[
                    [
                        1.0,
                        0.0,
                        0.0
                    ],
                    [
                        0.0,
                        1.0,
                        -3.725290298461914e-09
                    ],
                    [
                        0.0,
                        3.725290298461914e-09,
                        1.0
                    ]
                ],
                "tran":[
                    -24.86639976501465,
                    39.08629608154297,
                    15.086727142333984
                ]
            },
            "joint.020":{
                "occupant":"",
                "occupant_parent":"",
                "hinge":"",
                "tx_tol":0.0,
                "rt_tol":[],
                "neighbors":[
                    "joint.019",
                    "joint.023"
                ],
                "rot":[
                    [
                        1.0,
                        9.931163447163271e-08,
                        -6.025795862285577e-09
                    ],
                    [
                        -9.931163447163271e-08,
                        1.0,
                        -3.7252896323280993e-09
                    ],
                    [
                        6.025795862285577e-09,
                        3.725290076417309e-09,
                        1.0
                    ]
                ],
                "tran":[
                    -100.99610137939453,
                    -37.42462158203125,
                    29.391357421875
                ]
            },
            "joint.016":{
                "occupant":"",
                "occupant_parent":"",
                "hinge":"",
                "tx_tol":0.0,
                "rt_tol":[],
                "neighbors":[
                    "joint.015",
                    "joint.017"
                ],
                "rot":[
                    [
                        1.0,
                        9.931163447163271e-08,
                        -6.0257963063747866e-09
                    ],
                    [
                        -9.931163447163271e-08,
                        1.0,
                        -3.7252896323280993e-09
                    ],
                    [
                        6.0257963063747866e-09,
                        3.725290076417309e-09,
                        1.0
                    ]
                ],
                "tran":[
                    12.520357131958008,
                    -50.981285095214844,
                    13.686529159545898
                ]
            },
            "joint.018":{
                "occupant":"",
                "occupant_parent":"",
                "hinge":"",
                "tx_tol":0.0,
                "rt_tol":[],
                "neighbors":[
                    "joint.017",
                    "joint.019"
                ],
                "rot":[
                    [
                        1.0,
                        9.931163447163271e-08,
                        -6.025795862285577e-09
                    ],
                    [
                        -9.931163447163271e-08,
                        1.0,
                        -3.7252896323280993e-09
                    ],
                    [
                        6.025795862285577e-09,
                        3.725290076417309e-09,
                        1.0
                    ]
                ],
                "tran":[
                    -40.844879150390625,
                    -42.66679763793945,
                    7.421328544616699
                ]
            },
            "joint.015":{
                "occupant":"",
                "occupant_parent":"",
                "hinge":"",
                "tx_tol":0.0,
                "rt_tol":[],
                "neighbors":[
                    "joint.014",
                    "joint.016"
                ],
                "rot":[
                    [
                        1.0,
                        9.931163447163271e-08,
                        -6.0257963063747866e-09
                    ],
                    [
                        -9.931163447163271e-08,
                        1.0,
                        -3.7252896323280993e-09
                    ],
                    [
                        6.0257963063747866e-09,
                        3.725290076417309e-09,
                        1.0
                    ]
                ],
                "tran":[
                    21.753177642822266,
                    -63.43538284301758,
                    -1.8994104862213135
                ]
            },
            "joint.013":{
                "occupant":"",
                "occupant_parent":"",
                "hinge":"",
                "tx_tol":0.0,
                "rt_tol":[],
                "neighbors":[
                    "joint.012",
                    "joint.014"
                ],
                "rot":[
                    [
                        1.0,
                        9.931163447163271e-08,
                        -6.0257963063747866e-09
                    ],
                    [
                        -9.931163447163271e-08,
                        1.0,
                        -3.7252896323280993e-09
                    ],
                    [
                        6.0257963063747866e-09,
                        3.725290076417309e-09,
                        1.0
                    ]
                ],
                "tran":[
                    54.13997268676758,
                    -23.924476623535156,
                    -35.158531188964844
                ]
            },
            "joint.022":{
                "occupant":"",
                "occupant_parent":"",
                "hinge":"",
                "tx_tol":0.0,
                "rt_tol":[],
                "neighbors":[
                    "joint.023",
                    "joint.021"
                ],
                "rot":[
                    [
                        1.0,
                        9.931163447163271e-08,
                        -6.025795862285577e-09
                    ],
                    [
                        -9.931163447163271e-08,
                        1.0,
                        -3.7252896323280993e-09
                    ],
                    [
                        6.025795862285577e-09,
                        3.725290076417309e-09,
                        1.0
                    ]
                ],
                "tran":[
                    -46.85165023803711,
                    15.621776580810547,
                    21.519412994384766
                ]
            },
            "joint.019":{
                "occupant":"",
                "occupant_parent":"",
                "hinge":"",
                "tx_tol":0.0,
                "rt_tol":[],
                "neighbors":[
                    "joint.018",
                    "joint.020"
                ],
                "rot":[
                    [
                        1.0,
                        9.931163447163271e-08,
                        -6.025795862285577e-09
                    ],
                    [
                        -9.931163447163271e-08,
                        1.0,
                        -3.7252896323280993e-09
                    ],
                    [
                        6.025795862285577e-09,
                        3.725290076417309e-09,
                        1.0
                    ]
                ],
                "tran":[
                    -78.1233139038086,
                    -65.66033935546875,
                    19.409440994262695
                ]
            },
            "joint.012":{
                "occupant":"",
                "occupant_parent":"",
                "hinge":"",
                "tx_tol":0.0,
                "rt_tol":[],
                "neighbors":[
                    "joint.013"
                ],
                "rot":[
                    [
                        1.0,
                        9.931163447163271e-08,
                        -6.0257963063747866e-09
                    ],
                    [
                        -9.931163447163271e-08,
                        1.0,
                        -3.7252896323280993e-09
                    ],
                    [
                        6.0257963063747866e-09,
                        3.725290076417309e-09,
                        1.0
                    ]
                ],
                "tran":[
                    82.54195404052734,
                    3.187532424926758,
                    -44.660118103027344
                ]
            }
        }
    },
    "networks":{}
}