{
    "pg_networks":{
        "pg_network.056":{
            "joint.015":{
                "occupant":"",
                "occupant_parent":"",
                "hinge":"",
                "tx_tol":0.0,
                "rt_tol":[],
                "neighbors":[
                    "joint.016"
                ],
                "rot":[
                    [
                        1.0,
                        5.960464477539063e-08,
                        1.4901161193847656e-08
                    ],
                    [
                        -5.960464477539063e-08,
                        1.0,
                        1.0587911840678754e-22
                    ],
                    [
                        -1.4901161193847656e-08,
                        -8.881785255792436e-16,
                        1.0
                    ]
                ],
                "tran":[
                    -24.86638832092285,
                    39.08629608154297,
                    15.086718559265137
                ]
            },
            "joint.012":{
                "occupant":"",
                "occupant_parent":"",
                "hinge":"",
                "tx_tol":0.0,
                "rt_tol":[],
                "neighbors":[
                    "joint.013",
                    "joint.023"
                ],
                "rot":[
                    [
                        1.0,
                        2.9802322387695312e-08,
                        0.0
                    ],
                    [
                        -2.9802322387695312e-08,
                        1.0,
                        -0.0
                    ],
                    [
                        -0.0,
                        0.0,
                        1.0
                    ]
                ],
                "tran":[
                    -40.7703857421875,
                    -42.430198669433594,
                    7.051774978637695
                ]
            },
            "joint.016":{
                "occupant":"",
                "occupant_parent":"",
                "hinge":"",
                "tx_tol":0.0,
                "rt_tol":[],
                "neighbors":[
                    "joint.015",
                    "joint.017"
                ],
                "rot":[
                    [
                        1.0,
                        5.960464477539063e-08,
                        1.4901161193847656e-08
                    ],
                    [
                        -5.960464477539063e-08,
                        1.0,
                        1.0587911840678754e-22
                    ],
                    [
                        -1.4901161193847656e-08,
                        -8.881785255792436e-16,
                        1.0
                    ]
                ],
                "tran":[
                    -46.85163497924805,
                    15.621767044067383,
                    21.519412994384766
                ]
            },
            "joint.022":{
                "occupant":"",
                "occupant_parent":"",
                "hinge":"",
                "tx_tol":0.0,
                "rt_tol":[],
                "neighbors":[
                    "joint.023",
                    "joint.021"
                ],
                "rot":[
                    [
                        1.0,
                        2.9802322387695312e-08,
                        0.0
                    ],
                    [
                        -2.9802322387695312e-08,
                        1.0,
                        -0.0
                    ],
                    [
                        -0.0,
                        0.0,
                        1.0
                    ]
                ],
                "tran":[
                    13.048567771911621,
                    -50.171546936035156,
                    11.682699203491211
                ]
            },
            "joint.023":{
                "occupant":"",
                "occupant_parent":"",
                "hinge":"",
                "tx_tol":0.0,
                "rt_tol":[],
                "neighbors":[
                    "joint.012",
                    "joint.022"
                ],
                "rot":[
                    [
                        1.0,
                        2.9802322387695312e-08,
                        0.0
                    ],
                    [
                        -2.9802322387695312e-08,
                        1.0,
                        -0.0
                    ],
                    [
                        -0.0,
                        0.0,
                        1.0
                    ]
                ],
                "tran":[
                    -3.677206039428711,
                    -36.90323257446289,
                    16.92400360107422
                ]
            },
            "joint.019":{
                "occupant":"",
                "occupant_parent":"",
                "hinge":"",
                "tx_tol":0.0,
                "rt_tol":[],
                "neighbors":[
                    "joint.020",
                    "joint.018"
                ],
                "rot":[
                    [
                        1.0,
                        2.9802322387695312e-08,
                        0.0
                    ],
                    [
                        -2.9802322387695312e-08,
                        1.0,
                        -0.0
                    ],
                    [
                        -0.0,
                        0.0,
                        1.0
                    ]
                ],
                "tran":[
                    53.09466552734375,
                    -21.07327651977539,
                    -37.304100036621094
                ]
            },
            "joint.014":{
                "occupant":"",
                "occupant_parent":"",
                "hinge":"",
                "tx_tol":0.0,
                "rt_tol":[],
                "neighbors":[
                    "joint.017",
                    "joint.013"
                ],
                "rot":[
                    [
                        1.0,
                        2.9802322387695312e-08,
                        1.4901162970204496e-08
                    ],
                    [
                        -2.9802322387695312e-08,
                        1.0,
                        -2.220446313948109e-16
                    ],
                    [
                        -1.4901162970204496e-08,
                        -2.220446313948109e-16,
                        1.0
                    ]
                ],
                "tran":[
                    -100.99610137939453,
                    -37.42463684082031,
                    29.391361236572266
                ]
            },
            "joint.013":{
                "occupant":"",
                "occupant_parent":"",
                "hinge":"",
                "tx_tol":0.0,
                "rt_tol":[],
                "neighbors":[
                    "joint.014",
                    "joint.012"
                ],
                "rot":[
                    [
                        1.0,
                        2.9802322387695312e-08,
                        1.4901162970204496e-08
                    ],
                    [
                        -2.9802322387695312e-08,
                        1.0,
                        -2.220446313948109e-16
                    ],
                    [
                        -1.4901162970204496e-08,
                        -2.220446313948109e-16,
                        1.0
                    ]
                ],
                "tran":[
                    -78.1233139038086,
                    -65.66035461425781,
                    19.409439086914062
                ]
            },
            "joint.017":{
                "occupant":"",
                "occupant_parent":"",
                "hinge":"",
                "tx_tol":0.0,
                "rt_tol":[],
                "neighbors":[
                    "joint.016",
                    "joint.014"
                ],
                "rot":[
                    [
                        1.0,
                        2.9802322387695312e-08,
                        1.4901162970204496e-08
                    ],
                    [
                        -2.9802322387695312e-08,
                        1.0,
                        -2.220446313948109e-16
                    ],
                    [
                        -1.4901162970204496e-08,
                        -2.220446313948109e-16,
                        1.0
                    ]
                ],
                "tran":[
                    -68.90229034423828,
                    -6.434056758880615,
                    23.55054473876953
                ]
            },
            "joint.021":{
                "occupant":"",
                "occupant_parent":"",
                "hinge":"",
                "tx_tol":0.0,
                "rt_tol":[],
                "neighbors":[
                    "joint.022",
                    "joint.020"
                ],
                "rot":[
                    [
                        1.0,
                        2.9802322387695312e-08,
                        0.0
                    ],
                    [
                        -2.9802322387695312e-08,
                        1.0,
                        -0.0
                    ],
                    [
                        -0.0,
                        0.0,
                        1.0
                    ]
                ],
                "tran":[
                    22.11673355102539,
                    -62.0301628112793,
                    -4.454617500305176
                ]
            },
            "joint.018":{
                "occupant":"",
                "occupant_parent":"",
                "hinge":"",
                "tx_tol":0.0,
                "rt_tol":[],
                "neighbors":[
                    "joint.019"
                ],
                "rot":[
                    [
                        1.0,
                        0.0,
                        0.0
                    ],
                    [
                        0.0,
                        1.0,
                        0.0
                    ],
                    [
                        0.0,
                        0.0,
                        1.0
                    ]
                ],
                "tran":[
                    80.83462524414062,
                    6.760761737823486,
                    -46.67298126220703
                ]
            },
            "joint.020":{
                "occupant":"",
                "occupant_parent":"",
                "hinge":"",
                "tx_tol":0.0,
                "rt_tol":[],
                "neighbors":[
                    "joint.021",
                    "joint.019"
                ],
                "rot":[
                    [
                        1.0,
                        2.9802322387695312e-08,
                        0.0
                    ],
                    [
                        -2.9802322387695312e-08,
                        1.0,
                        -0.0
                    ],
                    [
                        -0.0,
                        0.0,
                        1.0
                    ]
                ],
                "tran":[
                    26.27412986755371,
                    -55.289031982421875,
                    -31.667438507080078
                ]
            }
        }
    },
    "networks":{}
}