{
    "pg_networks":{
        "pg_network.022":{
            "joint.005":{
                "occupant":"",
                "occupant_parent":"",
                "hinge":"",
                "tx_tol":0.0,
                "rt_tol":[],
                "neighbours":[
                    "joint.006",
                    "joint.004"
                ],
                "trans":[
                    -4.097466468811035,
                    -37.305049896240234,
                    18.16761612892151
                ],
                "rot":[
                    [
                        1.0,
                        -2.2351741790771484e-08,
                        -2.0816681711721685e-17
                    ],
                    [
                        2.2351741790771484e-08,
                        1.0,
                        -1.862645149230957e-09
                    ],
                    [
                        6.245004513516506e-17,
                        1.862645149230957e-09,
                        1.0
                    ]
                ]
            },
            "joint.001":{
                "occupant":"",
                "occupant_parent":"",
                "hinge":"",
                "tx_tol":0.0,
                "rt_tol":[],
                "neighbours":[
                    "joint.002",
                    "joint"
                ],
                "trans":[
                    54.139981269836426,
                    -23.92446517944336,
                    -35.15852928161621
                ],
                "rot":[
                    [
                        1.0,
                        0.0,
                        0.0
                    ],
                    [
                        0.0,
                        1.0,
                        -1.862645149230957e-09
                    ],
                    [
                        0.0,
                        1.862645149230957e-09,
                        1.0
                    ]
                ]
            },
            "joint.002":{
                "occupant":"",
                "occupant_parent":"",
                "hinge":"",
                "tx_tol":0.0,
                "rt_tol":[],
                "neighbours":[
                    "joint.003",
                    "joint.001"
                ],
                "trans":[
                    26.63567066192627,
                    -57.53522872924805,
                    -29.187021255493164
                ],
                "rot":[
                    [
                        1.0,
                        0.0,
                        0.0
                    ],
                    [
                        0.0,
                        1.0,
                        -1.862645149230957e-09
                    ],
                    [
                        0.0,
                        1.862645149230957e-09,
                        1.0
                    ]
                ]
            },
            "joint.009":{
                "occupant":"",
                "occupant_parent":"",
                "hinge":"",
                "tx_tol":0.0,
                "rt_tol":[],
                "neighbours":[
                    "joint.010"
                ],
                "trans":[
                    -24.86640453338623,
                    39.0863037109375,
                    15.086724758148193
                ],
                "rot":[
                    [
                        1.0,
                        -2.2351741790771484e-08,
                        -2.706168622523819e-16
                    ],
                    [
                        2.2351741790771484e-08,
                        1.0,
                        5.587935447692871e-09
                    ],
                    [
                        1.457167719820518e-16,
                        -5.587935447692871e-09,
                        1.0
                    ]
                ]
            },
            "joint.004":{
                "occupant":"",
                "occupant_parent":"",
                "hinge":"",
                "tx_tol":0.0,
                "rt_tol":[],
                "neighbours":[
                    "joint.005",
                    "joint.003"
                ],
                "trans":[
                    12.520356178283691,
                    -50.98127365112305,
                    13.686530590057373
                ],
                "rot":[
                    [
                        1.0,
                        -1.4901161193847656e-08,
                        -1.3877787807814457e-17
                    ],
                    [
                        1.4901161193847656e-08,
                        1.0,
                        -1.862645149230957e-09
                    ],
                    [
                        4.163336342344337e-17,
                        1.862645149230957e-09,
                        1.0
                    ]
                ]
            },
            "joint.003":{
                "occupant":"",
                "occupant_parent":"",
                "hinge":"",
                "tx_tol":0.0,
                "rt_tol":[],
                "neighbours":[
                    "joint.004",
                    "joint.002"
                ],
                "trans":[
                    21.75319194793701,
                    -63.435373306274414,
                    -1.8994078040122986
                ],
                "rot":[
                    [
                        1.0,
                        -1.4901161193847656e-08,
                        -1.3877787807814457e-17
                    ],
                    [
                        1.4901161193847656e-08,
                        1.0,
                        -1.862645149230957e-09
                    ],
                    [
                        4.163336342344337e-17,
                        1.862645149230957e-09,
                        1.0
                    ]
                ]
            },
            "joint.006":{
                "occupant":"",
                "occupant_parent":"",
                "hinge":"",
                "tx_tol":0.0,
                "rt_tol":[],
                "neighbours":[
                    "joint.007",
                    "joint.005"
                ],
                "trans":[
                    -40.84488391876221,
                    -42.66679763793945,
                    7.421329021453857
                ],
                "rot":[
                    [
                        1.0,
                        -2.2351741790771484e-08,
                        -2.0816681711721685e-17
                    ],
                    [
                        2.2351741790771484e-08,
                        1.0,
                        -1.862645149230957e-09
                    ],
                    [
                        6.245004513516506e-17,
                        1.862645149230957e-09,
                        1.0
                    ]
                ]
            },
            "joint":{
                "occupant":"",
                "occupant_parent":"",
                "hinge":"",
                "tx_tol":0.0,
                "rt_tol":[],
                "neighbours":[
                    "joint.001"
                ],
                "trans":[
                    82.54196166992188,
                    3.187551498413086,
                    -44.660115242004395
                ],
                "rot":[
                    [
                        1.0,
                        0.0,
                        0.0
                    ],
                    [
                        0.0,
                        1.0,
                        0.0
                    ],
                    [
                        0.0,
                        0.0,
                        1.0
                    ]
                ]
            },
            "joint.008":{
                "occupant":"",
                "occupant_parent":"",
                "hinge":"",
                "tx_tol":0.0,
                "rt_tol":[],
                "neighbours":[
                    "joint.011",
                    "joint.007"
                ],
                "trans":[
                    -100.99611282348633,
                    -37.424631118774414,
                    29.39136028289795
                ],
                "rot":[
                    [
                        1.0,
                        -2.2351741790771484e-08,
                        -2.0816681711721685e-17
                    ],
                    [
                        2.2351741790771484e-08,
                        1.0,
                        -1.862645149230957e-09
                    ],
                    [
                        6.245004513516506e-17,
                        1.862645149230957e-09,
                        1.0
                    ]
                ]
            },
            "joint.010":{
                "occupant":"",
                "occupant_parent":"",
                "hinge":"",
                "tx_tol":0.0,
                "rt_tol":[],
                "neighbours":[
                    "joint.011",
                    "joint.009"
                ],
                "trans":[
                    -46.85164928436279,
                    15.621767044067383,
                    21.519412994384766
                ],
                "rot":[
                    [
                        1.0,
                        -2.2351741790771484e-08,
                        -2.706168622523819e-16
                    ],
                    [
                        2.2351741790771484e-08,
                        1.0,
                        5.587935447692871e-09
                    ],
                    [
                        1.457167719820518e-16,
                        -5.587935447692871e-09,
                        1.0
                    ]
                ]
            },
            "joint.011":{
                "occupant":"",
                "occupant_parent":"",
                "hinge":"",
                "tx_tol":0.0,
                "rt_tol":[],
                "neighbours":[
                    "joint.010",
                    "joint.008"
                ],
                "trans":[
                    -68.9022970199585,
                    -6.434059143066406,
                    23.550543785095215
                ],
                "rot":[
                    [
                        1.0,
                        -2.2351741790771484e-08,
                        -2.706168622523819e-16
                    ],
                    [
                        2.2351741790771484e-08,
                        1.0,
                        5.587935447692871e-09
                    ],
                    [
                        1.457167719820518e-16,
                        -5.587935447692871e-09,
                        1.0
                    ]
                ]
            },
            "joint.007":{
                "occupant":"",
                "occupant_parent":"",
                "hinge":"",
                "tx_tol":0.0,
                "rt_tol":[],
                "neighbours":[
                    "joint.008",
                    "joint.006"
                ],
                "trans":[
                    -78.1233263015747,
                    -65.66035270690918,
                    19.409440755844116
                ],
                "rot":[
                    [
                        1.0,
                        -2.2351741790771484e-08,
                        -2.0816681711721685e-17
                    ],
                    [
                        2.2351741790771484e-08,
                        1.0,
                        -1.862645149230957e-09
                    ],
                    [
                        6.245004513516506e-17,
                        1.862645149230957e-09,
                        1.0
                    ]
                ]
            }
        }
    },
    "networks":{}
}