{
    "networks":{
        "network.019":{
            "D79.002":{
                "module_name":"D79",
                "module_type":"single",
                "c_linkage":[],
                "n_linkage":[],
                "rot":[
                    [
                        0.8721324801445007,
                        0.26383426785469055,
                        0.41203930974006653
                    ],
                    [
                        0.4868069589138031,
                        -0.552314043045044,
                        -0.6767334342002869
                    ],
                    [
                        0.0490296334028244,
                        0.7907848358154297,
                        -0.6101273894309998
                    ]
                ],
                "tran":[
                    12.520355224609375,
                    -50.98127365112305,
                    13.686529159545898
                ]
            }
        }
    },
    "pg_networks":{
        "pg_network.056":{
            "joint.016":{
                "occupant":"D79.002",
                "occupant_parent":"network.019",
                "hinge":"",
                "tx_tol":0.0,
                "rt_tol":[],
                "neighbors":[
                    "joint.015",
                    "joint.022"
                ],
                "rot":[
                    [
                        1.0,
                        -2.828983802771745e-08,
                        4.079220872199585e-08
                    ],
                    [
                        2.828983802771745e-08,
                        1.0,
                        3.7252865237036303e-09
                    ],
                    [
                        -4.079220872199585e-08,
                        -3.7252851914360008e-09,
                        1.0
                    ]
                ],
                "tran":[
                    12.520353317260742,
                    -50.98127365112305,
                    13.686525344848633
                ]
            },
            "joint.014":{
                "occupant":"",
                "occupant_parent":"",
                "hinge":"",
                "tx_tol":0.0,
                "rt_tol":[],
                "neighbors":[
                    "joint.015",
                    "joint.013"
                ],
                "rot":[
                    [
                        1.0,
                        -2.828983802771745e-08,
                        4.079220872199585e-08
                    ],
                    [
                        2.828983802771745e-08,
                        1.0,
                        3.7252865237036303e-09
                    ],
                    [
                        -4.079220872199585e-08,
                        -3.7252851914360008e-09,
                        1.0
                    ]
                ],
                "tran":[
                    26.63566780090332,
                    -57.53522872924805,
                    -29.187026977539062
                ]
            },
            "joint.020":{
                "occupant":"",
                "occupant_parent":"",
                "hinge":"",
                "tx_tol":0.0,
                "rt_tol":[],
                "neighbors":[
                    "joint.019",
                    "joint.021"
                ],
                "rot":[
                    [
                        1.0,
                        0.0,
                        0.0
                    ],
                    [
                        0.0,
                        1.0,
                        0.0
                    ],
                    [
                        0.0,
                        0.0,
                        1.0
                    ]
                ],
                "tran":[
                    -46.851646423339844,
                    15.621768951416016,
                    21.519411087036133
                ]
            },
            "joint.023":{
                "occupant":"",
                "occupant_parent":"",
                "hinge":"",
                "tx_tol":0.0,
                "rt_tol":[],
                "neighbors":[
                    "joint.022",
                    "joint.017"
                ],
                "rot":[
                    [
                        1.0,
                        0.0,
                        0.0
                    ],
                    [
                        0.0,
                        1.0,
                        0.0
                    ],
                    [
                        0.0,
                        0.0,
                        1.0
                    ]
                ],
                "tran":[
                    -40.844879150390625,
                    -42.66680908203125,
                    7.421327590942383
                ]
            },
            "joint.017":{
                "occupant":"",
                "occupant_parent":"",
                "hinge":"",
                "tx_tol":0.0,
                "rt_tol":[],
                "neighbors":[
                    "joint.018",
                    "joint.023"
                ],
                "rot":[
                    [
                        1.0,
                        0.0,
                        1.4901162970204496e-08
                    ],
                    [
                        0.0,
                        1.0,
                        0.0
                    ],
                    [
                        -1.4901162970204496e-08,
                        0.0,
                        1.0
                    ]
                ],
                "tran":[
                    -78.12332153320312,
                    -65.66035461425781,
                    19.409442901611328
                ]
            },
            "joint.018":{
                "occupant":"",
                "occupant_parent":"",
                "hinge":"",
                "tx_tol":0.0,
                "rt_tol":[],
                "neighbors":[
                    "joint.021",
                    "joint.017"
                ],
                "rot":[
                    [
                        1.0,
                        0.0,
                        0.0
                    ],
                    [
                        0.0,
                        1.0,
                        0.0
                    ],
                    [
                        0.0,
                        0.0,
                        1.0
                    ]
                ],
                "tran":[
                    -100.99610137939453,
                    -37.42464065551758,
                    29.391357421875
                ]
            },
            "joint.015":{
                "occupant":"",
                "occupant_parent":"",
                "hinge":"joint.016",
                "tx_tol":5.0,
                "rt_tol":[],
                "neighbors":[
                    "joint.016",
                    "joint.014"
                ],
                "rot":[
                    [
                        1.0,
                        -2.828983802771745e-08,
                        4.079220872199585e-08
                    ],
                    [
                        2.828983802771745e-08,
                        1.0,
                        3.7252865237036303e-09
                    ],
                    [
                        -4.079220872199585e-08,
                        -3.7252851914360008e-09,
                        1.0
                    ]
                ],
                "tran":[
                    21.7531795501709,
                    -63.43537139892578,
                    -1.8994104862213135
                ]
            },
            "joint.022":{
                "occupant":"",
                "occupant_parent":"",
                "hinge":"joint.016",
                "tx_tol":5.0,
                "rt_tol":[],
                "neighbors":[
                    "joint.016",
                    "joint.023"
                ],
                "rot":[
                    [
                        1.0,
                        5.711958550591589e-08,
                        3.453367014571995e-08
                    ],
                    [
                        -5.711958550591589e-08,
                        1.0,
                        -9.862744699919482e-16
                    ],
                    [
                        -3.453367014571995e-08,
                        -9.862744699919482e-16,
                        1.0
                    ]
                ],
                "tran":[
                    -4.097459316253662,
                    -37.30506134033203,
                    18.167612075805664
                ]
            },
            "joint.021":{
                "occupant":"",
                "occupant_parent":"",
                "hinge":"",
                "tx_tol":0.0,
                "rt_tol":[],
                "neighbors":[
                    "joint.020",
                    "joint.018"
                ],
                "rot":[
                    [
                        1.0,
                        0.0,
                        0.0
                    ],
                    [
                        0.0,
                        1.0,
                        0.0
                    ],
                    [
                        0.0,
                        0.0,
                        1.0
                    ]
                ],
                "tran":[
                    -68.90229034423828,
                    -6.434059143066406,
                    23.550540924072266
                ]
            },
            "joint.019":{
                "occupant":"",
                "occupant_parent":"",
                "hinge":"",
                "tx_tol":0.0,
                "rt_tol":[],
                "neighbors":[
                    "joint.020"
                ],
                "rot":[
                    [
                        1.0,
                        0.0,
                        0.0
                    ],
                    [
                        0.0,
                        1.0,
                        0.0
                    ],
                    [
                        0.0,
                        0.0,
                        1.0
                    ]
                ],
                "tran":[
                    -24.86639404296875,
                    39.08628845214844,
                    15.086725234985352
                ]
            },
            "joint.012":{
                "occupant":"",
                "occupant_parent":"",
                "hinge":"",
                "tx_tol":0.0,
                "rt_tol":[],
                "neighbors":[
                    "joint.013"
                ],
                "rot":[
                    [
                        1.0,
                        5.711958550591589e-08,
                        3.453367014571995e-08
                    ],
                    [
                        -5.711958550591589e-08,
                        1.0,
                        -9.862744699919482e-16
                    ],
                    [
                        -3.453367014571995e-08,
                        -9.862744699919482e-16,
                        1.0
                    ]
                ],
                "tran":[
                    82.54196166992188,
                    3.187546730041504,
                    -44.660118103027344
                ]
            },
            "joint.013":{
                "occupant":"",
                "occupant_parent":"",
                "hinge":"",
                "tx_tol":0.0,
                "rt_tol":[],
                "neighbors":[
                    "joint.014",
                    "joint.012"
                ],
                "rot":[
                    [
                        1.0,
                        5.711958550591589e-08,
                        4.943483133956761e-08
                    ],
                    [
                        -5.711958550591589e-08,
                        1.0,
                        -2.262996749355633e-15
                    ],
                    [
                        -4.943483133956761e-08,
                        -5.607003945172398e-16,
                        1.0
                    ]
                ],
                "tran":[
                    54.139976501464844,
                    -23.92447280883789,
                    -35.15853500366211
                ]
            }
        }
    }
}