{
    "networks":{},
    "pg_networks":{
        "pg_network.065":{
            "joint.023":{
                "occupant":"",
                "occupant_parent":"",
                "hinge":"",
                "tx_tol":0.0,
                "rt_tol":[],
                "neighbors":[
                    "joint.024",
                    "joint.022"
                ],
                "rot":[
                    [
                        0.07544394582509995,
                        -0.21637460589408875,
                        -0.9733911752700806
                    ],
                    [
                        -0.19397878646850586,
                        0.9543396234512329,
                        -0.22717426717281342
                    ],
                    [
                        0.9781004786491394,
                        0.20595617592334747,
                        0.030027059838175774
                    ]
                ],
                "tran":[
                    -11.060957908630371,
                    -285.7518310546875,
                    115.42074584960938
                ]
            },
            "joint.025":{
                "occupant":"",
                "occupant_parent":"",
                "hinge":"",
                "tx_tol":0.0,
                "rt_tol":[],
                "neighbors":[
                    "joint.024"
                ],
                "rot":[
                    [
                        0.07544394582509995,
                        -0.21637460589408875,
                        -0.9733911752700806
                    ],
                    [
                        -0.19397878646850586,
                        0.9543396234512329,
                        -0.22717426717281342
                    ],
                    [
                        0.9781004786491394,
                        0.20595617592334747,
                        0.030027059838175774
                    ]
                ],
                "tran":[
                    -10.787599563598633,
                    -266.0419921875,
                    64.74846649169922
                ]
            },
            "joint.021":{
                "occupant":"",
                "occupant_parent":"",
                "hinge":"",
                "tx_tol":0.0,
                "rt_tol":[],
                "neighbors":[
                    "joint.022",
                    "joint.020"
                ],
                "rot":[
                    [
                        0.07544394582509995,
                        -0.21637460589408875,
                        -0.9733911752700806
                    ],
                    [
                        -0.19397878646850586,
                        0.9543396234512329,
                        -0.22717426717281342
                    ],
                    [
                        0.9781004786491394,
                        0.20595617592334747,
                        0.030027059838175774
                    ]
                ],
                "tran":[
                    33.15480422973633,
                    -285.00482177734375,
                    126.58972930908203
                ]
            },
            "joint.020":{
                "occupant":"",
                "occupant_parent":"",
                "hinge":"",
                "tx_tol":0.0,
                "rt_tol":[],
                "neighbors":[
                    "joint.021",
                    "joint.019"
                ],
                "rot":[
                    [
                        0.07544394582509995,
                        -0.21637460589408875,
                        -0.9733911752700806
                    ],
                    [
                        -0.19397878646850586,
                        0.9543396234512329,
                        -0.22717426717281342
                    ],
                    [
                        0.9781004786491394,
                        0.20595617592334747,
                        0.030027059838175774
                    ]
                ],
                "tran":[
                    33.76994323730469,
                    -256.90740966796875,
                    160.2347412109375
                ]
            },
            "joint.024":{
                "occupant":"",
                "occupant_parent":"",
                "hinge":"",
                "tx_tol":0.0,
                "rt_tol":[],
                "neighbors":[
                    "joint.025",
                    "joint.023"
                ],
                "rot":[
                    [
                        0.07544394582509995,
                        -0.21637460589408875,
                        -0.9733911752700806
                    ],
                    [
                        -0.19397878646850586,
                        0.9543396234512329,
                        -0.22717426717281342
                    ],
                    [
                        0.9781004786491394,
                        0.20595617592334747,
                        0.030027059838175774
                    ]
                ],
                "tran":[
                    -19.635711669921875,
                    -270.49456787109375,
                    102.11808776855469
                ]
            },
            "joint.022":{
                "occupant":"",
                "occupant_parent":"",
                "hinge":"",
                "tx_tol":0.0,
                "rt_tol":[],
                "neighbors":[
                    "joint.023",
                    "joint.021"
                ],
                "rot":[
                    [
                        0.07544394582509995,
                        -0.21637460589408875,
                        -0.9733911752700806
                    ],
                    [
                        -0.19397878646850586,
                        0.9543396234512329,
                        -0.22717426717281342
                    ],
                    [
                        0.9781004786491394,
                        0.20595617592334747,
                        0.030027059838175774
                    ]
                ],
                "tran":[
                    7.5015716552734375,
                    -295.88751220703125,
                    121.41836547851562
                ]
            },
            "joint.019":{
                "occupant":"",
                "occupant_parent":"",
                "hinge":"",
                "tx_tol":0.0,
                "rt_tol":[],
                "neighbors":[
                    "joint.020"
                ],
                "rot":[
                    [
                        0.07544394582509995,
                        -0.21637460589408875,
                        -0.9733911752700806
                    ],
                    [
                        -0.19397878646850586,
                        0.9543396234512329,
                        -0.22717426717281342
                    ],
                    [
                        0.9781004786491394,
                        0.20595617592334747,
                        0.030027059838175774
                    ]
                ],
                "tran":[
                    39.29511642456055,
                    -234.38421630859375,
                    193.3133087158203
                ]
            }
        }
    }
}