{
    "networks":{},
    "pg_networks":{
        "pg_network.065":{
            "joint.023":{
                "occupant":"",
                "occupant_parent":"",
                "hinge":"",
                "tx_tol":0.0,
                "rt_tol":[],
                "neighbors":[
                    "joint.024",
                    "joint.022"
                ],
                "rot":[
                    [
                        0.11851885169744492,
                        0.858930230140686,
                        -0.4981890618801117
                    ],
                    [
                        0.28837522864341736,
                        -0.5098750591278076,
                        -0.810473620891571
                    ],
                    [
                        -0.9501543045043945,
                        -0.0476088710129261,
                        -0.3081241548061371
                    ]
                ],
                "tran":[
                    -61.99422836303711,
                    493.177001953125,
                    -403.697998046875
                ]
            },
            "joint.025":{
                "occupant":"",
                "occupant_parent":"",
                "hinge":"",
                "tx_tol":0.0,
                "rt_tol":[],
                "neighbors":[
                    "joint.024"
                ],
                "rot":[
                    [
                        0.11851885169744492,
                        0.858930230140686,
                        -0.4981890618801117
                    ],
                    [
                        0.28837522864341736,
                        -0.5098750591278076,
                        -0.810473620891571
                    ],
                    [
                        -0.9501543045043945,
                        -0.0476088710129261,
                        -0.3081241548061371
                    ]
                ],
                "tran":[
                    -58.05622482299805,
                    478.626220703125,
                    -351.45819091796875
                ]
            },
            "joint.021":{
                "occupant":"",
                "occupant_parent":"",
                "hinge":"",
                "tx_tol":0.0,
                "rt_tol":[],
                "neighbors":[
                    "joint.022",
                    "joint.020"
                ],
                "rot":[
                    [
                        0.11851885169744492,
                        0.858930230140686,
                        -0.4981890618801117
                    ],
                    [
                        0.28837522864341736,
                        -0.5098750591278076,
                        -0.810473620891571
                    ],
                    [
                        -0.9501543045043945,
                        -0.0476088710129261,
                        -0.3081241548061371
                    ]
                ],
                "tran":[
                    -44.591552734375,
                    535.3370361328125,
                    -403.58734130859375
                ]
            },
            "joint.020":{
                "occupant":"",
                "occupant_parent":"",
                "hinge":"",
                "tx_tol":0.0,
                "rt_tol":[],
                "neighbors":[
                    "joint.021",
                    "joint.019"
                ],
                "rot":[
                    [
                        0.11851885169744492,
                        0.858930230140686,
                        -0.4981890618801117
                    ],
                    [
                        0.28837522864341736,
                        -0.5098750591278076,
                        -0.810473620891571
                    ],
                    [
                        -0.9501543045043945,
                        -0.0476088710129261,
                        -0.3081241548061371
                    ]
                ],
                "tran":[
                    -9.487528800964355,
                    530.9710693359375,
                    -429.48089599609375
                ]
            },
            "joint.024":{
                "occupant":"",
                "occupant_parent":"",
                "hinge":"",
                "tx_tol":0.0,
                "rt_tol":[],
                "neighbors":[
                    "joint.025",
                    "joint.023"
                ],
                "rot":[
                    [
                        0.11851885169744492,
                        0.858930230140686,
                        -0.4981890618801117
                    ],
                    [
                        0.28837522864341736,
                        -0.5098750591278076,
                        -0.810473620891571
                    ],
                    [
                        -0.9501543045043945,
                        -0.0476088710129261,
                        -0.3081241548061371
                    ]
                ],
                "tran":[
                    -54.449275970458984,
                    477.77984619140625,
                    -389.94036865234375
                ]
            },
            "joint.022":{
                "occupant":"",
                "occupant_parent":"",
                "hinge":"",
                "tx_tol":0.0,
                "rt_tol":[],
                "neighbors":[
                    "joint.023",
                    "joint.021"
                ],
                "rot":[
                    [
                        0.11851885169744492,
                        0.858930230140686,
                        -0.4981890618801117
                    ],
                    [
                        0.28837522864341736,
                        -0.5098750591278076,
                        -0.810473620891571
                    ],
                    [
                        -0.9501543045043945,
                        -0.0476088710129261,
                        -0.3081241548061371
                    ]
                ],
                "tran":[
                    -63.83241653442383,
                    514.821533203125,
                    -407.0753173828125
                ]
            },
            "joint.019":{
                "occupant":"",
                "occupant_parent":"",
                "hinge":"",
                "tx_tol":0.0,
                "rt_tol":[],
                "neighbors":[
                    "joint.020"
                ],
                "rot":[
                    [
                        0.11851885169744492,
                        0.858930230140686,
                        -0.4981890618801117
                    ],
                    [
                        0.28837522864341736,
                        -0.5098750591278076,
                        -0.810473620891571
                    ],
                    [
                        -0.9501543045043945,
                        -0.0476088710129261,
                        -0.3081241548061371
                    ]
                ],
                "tran":[
                    21.89956283569336,
                    533.03857421875,
                    -454.83026123046875
                ]
            }
        }
    }
}