{
    "networks":{},
    "pg_networks":{
        "pg_network.065":{
            "joint.023":{
                "occupant":"",
                "occupant_parent":"",
                "hinge":"",
                "tx_tol":0.0,
                "rt_tol":[],
                "neighbors":[
                    "joint.024",
                    "joint.022"
                ],
                "rot":[
                    [
                        0.3791954815387726,
                        -0.09256967902183533,
                        0.920674741268158
                    ],
                    [
                        -0.47574496269226074,
                        0.8338976502418518,
                        0.27978843450546265
                    ],
                    [
                        -0.7936484217643738,
                        -0.544100821018219,
                        0.27217066287994385
                    ]
                ],
                "tran":[
                    645.968994140625,
                    179.3634033203125,
                    -257.7853088378906
                ]
            },
            "joint.022":{
                "occupant":"",
                "occupant_parent":"",
                "hinge":"",
                "tx_tol":0.0,
                "rt_tol":[],
                "neighbors":[
                    "joint.023",
                    "joint.021"
                ],
                "rot":[
                    [
                        0.3791954815387726,
                        -0.09256967902183533,
                        0.920674741268158
                    ],
                    [
                        -0.47574496269226074,
                        0.8338976502418518,
                        0.27978843450546265
                    ],
                    [
                        -0.7936484217643738,
                        -0.544100821018219,
                        0.27217066287994385
                    ]
                ],
                "tran":[
                    622.1512451171875,
                    174.32594299316406,
                    -272.2974853515625
                ]
            },
            "joint.024":{
                "occupant":"",
                "occupant_parent":"",
                "hinge":"",
                "tx_tol":0.0,
                "rt_tol":[],
                "neighbors":[
                    "joint.025",
                    "joint.023"
                ],
                "rot":[
                    [
                        0.3791954815387726,
                        -0.09256967902183533,
                        0.920674741268158
                    ],
                    [
                        -0.47574496269226074,
                        0.8338976502418518,
                        0.27978843450546265
                    ],
                    [
                        -0.7936484217643738,
                        -0.544100821018219,
                        0.27217066287994385
                    ]
                ],
                "tran":[
                    655.6646728515625,
                    198.5020751953125,
                    -252.99195861816406
                ]
            },
            "joint.025":{
                "occupant":"",
                "occupant_parent":"",
                "hinge":"",
                "tx_tol":0.0,
                "rt_tol":[],
                "neighbors":[
                    "joint.019",
                    "joint.024"
                ],
                "rot":[
                    [
                        0.37919551134109497,
                        -0.09256969392299652,
                        0.9206746816635132
                    ],
                    [
                        -0.4757448732852936,
                        0.8338977098464966,
                        0.27978840470314026
                    ],
                    [
                        -0.7936484813690186,
                        -0.5441007018089294,
                        0.27217069268226624
                    ]
                ],
                "tran":[
                    652.222900390625,
                    219.0662384033203,
                    -246.02487182617188
                ]
            },
            "joint.020":{
                "occupant":"",
                "occupant_parent":"",
                "hinge":"",
                "tx_tol":0.0,
                "rt_tol":[],
                "neighbors":[
                    "joint.021"
                ],
                "rot":[
                    [
                        0.3791954815387726,
                        -0.09256967902183533,
                        0.920674741268158
                    ],
                    [
                        -0.47574496269226074,
                        0.8338976502418518,
                        0.27978843450546265
                    ],
                    [
                        -0.7936484217643738,
                        -0.544100821018219,
                        0.27217066287994385
                    ]
                ],
                "tran":[
                    623.48388671875,
                    194.03619384765625,
                    -353.91802978515625
                ]
            },
            "joint.021":{
                "occupant":"",
                "occupant_parent":"",
                "hinge":"",
                "tx_tol":0.0,
                "rt_tol":[],
                "neighbors":[
                    "joint.022",
                    "joint.020"
                ],
                "rot":[
                    [
                        0.3791954815387726,
                        -0.09256967902183533,
                        0.920674741268158
                    ],
                    [
                        -0.47574496269226074,
                        0.8338976502418518,
                        0.27978843450546265
                    ],
                    [
                        -0.7936484217643738,
                        -0.544100821018219,
                        0.27217066287994385
                    ]
                ],
                "tran":[
                    623.9716186523438,
                    187.5980987548828,
                    -314.03912353515625
                ]
            },
            "joint.019":{
                "occupant":"",
                "occupant_parent":"",
                "hinge":"",
                "tx_tol":0.0,
                "rt_tol":[],
                "neighbors":[
                    "joint.025"
                ],
                "rot":[
                    [
                        0.37919551134109497,
                        -0.09256969392299652,
                        0.9206746816635132
                    ],
                    [
                        -0.4757448732852936,
                        0.8338977098464966,
                        0.27978840470314026
                    ],
                    [
                        -0.7936484813690186,
                        -0.5441007018089294,
                        0.27217069268226624
                    ]
                ],
                "tran":[
                    628.967041015625,
                    229.34005737304688,
                    -216.74134826660156
                ]
            }
        }
    }
}