{
    "networks":{
        "network.006":{
            "D14_j3_D54":{
                "module_name":"D14_j3_D54",
                "module_type":"single",
                "c_linkage":[],
                "n_linkage":[],
                "rot":[
                    [
                        -0.32876867055892944,
                        -0.06536223739385605,
                        -0.9421459436416626
                    ],
                    [
                        -0.9277876019477844,
                        -0.1639951467514038,
                        0.3351355195045471
                    ],
                    [
                        -0.17641253769397736,
                        0.9842933416366577,
                        -0.006725834216922522
                    ]
                ],
                "tran":[
                    29.851451873779297,
                    -10.610694885253906,
                    27.037986755371094
                ]
            }
        },
        "network.013":{
            "D14_j2_D14.001":{
                "module_name":"D14_j2_D14",
                "module_type":"single",
                "c_linkage":[],
                "n_linkage":[
                    {
                        "target_mod":"D79_j2_D14.002",
                        "terminus":"n",
                        "target_chain_id":"A",
                        "source_chain_id":"A"
                    }
                ],
                "rot":[
                    [
                        -0.6560338735580444,
                        0.12041205167770386,
                        -0.7450639605522156
                    ],
                    [
                        0.6195522546768188,
                        -0.4778504967689514,
                        -0.6227468848228455
                    ],
                    [
                        -0.4310154914855957,
                        -0.8701491951942444,
                        0.23888470232486725
                    ]
                ],
                "tran":[
                    -20.71640396118164,
                    -137.89161682128906,
                    29.391361236572266
                ]
            },
            "D79_j2_D14.002":{
                "module_name":"D79_j2_D14",
                "module_type":"single",
                "c_linkage":[
                    {
                        "target_mod":"D14_j2_D14.001",
                        "terminus":"c",
                        "target_chain_id":"A",
                        "source_chain_id":"A"
                    }
                ],
                "n_linkage":[],
                "rot":[
                    [
                        -0.5876882076263428,
                        0.5613654851913452,
                        -0.5826588273048401
                    ],
                    [
                        -0.7654294967651367,
                        -0.6191121935844421,
                        0.17554990947246552
                    ],
                    [
                        -0.2621835470199585,
                        0.5491528511047363,
                        0.7935306429862976
                    ]
                ],
                "tran":[
                    2.156381607055664,
                    -166.12728881835938,
                    19.409439086914062
                ]
            }
        },
        "network.018":{
            "D79_j2_D14.003":{
                "module_name":"D79_j2_D14",
                "module_type":"single",
                "c_linkage":[],
                "n_linkage":[],
                "rot":[
                    [
                        0.3291003704071045,
                        -0.5406097769737244,
                        0.7742313146591187
                    ],
                    [
                        0.1996244490146637,
                        0.8412038683891296,
                        0.5025198459625244
                    ],
                    [
                        -0.9229534864425659,
                        -0.010824018158018589,
                        0.38475942611694336
                    ]
                ],
                "tran":[
                    162.82162475585938,
                    -97.27936553955078,
                    -44.66010665893555
                ]
            }
        }
    },
    "pg_networks":{
        "pg_network.040":{
            "joint.007":{
                "occupant":"D79_j2_D14.002",
                "occupant_parent":"network.013",
                "hinge":"",
                "tx_tol":0.0,
                "rt_tol":[],
                "neighbors":[
                    "joint.006"
                ],
                "rot":[
                    [
                        1.0,
                        2.9802322387695312e-08,
                        0.0
                    ],
                    [
                        -2.9802322387695312e-08,
                        1.0,
                        -0.0
                    ],
                    [
                        -0.0,
                        0.0,
                        1.0
                    ]
                ],
                "tran":[
                    2.156381607055664,
                    -166.12734985351562,
                    19.409442901611328
                ]
            },
            "joint.005":{
                "occupant":"",
                "occupant_parent":"",
                "hinge":"",
                "tx_tol":0.0,
                "rt_tol":[],
                "neighbors":[
                    "joint.006",
                    "joint.004"
                ],
                "rot":[
                    [
                        1.0,
                        2.9802322387695312e-08,
                        0.0
                    ],
                    [
                        -2.9802322387695312e-08,
                        1.0,
                        -0.0
                    ],
                    [
                        -0.0,
                        0.0,
                        1.0
                    ]
                ],
                "tran":[
                    76.18224334716797,
                    -137.77206420898438,
                    18.167617797851562
                ]
            },
            "joint":{
                "occupant":"D79_j2_D14.003",
                "occupant_parent":"network.018",
                "hinge":"",
                "tx_tol":0.0,
                "rt_tol":[],
                "neighbors":[
                    "joint.001"
                ],
                "rot":[
                    [
                        1.0,
                        2.9802322387695312e-08,
                        0.0
                    ],
                    [
                        -2.9802322387695312e-08,
                        1.0,
                        -0.0
                    ],
                    [
                        -0.0,
                        0.0,
                        1.0
                    ]
                ],
                "tran":[
                    162.82167053222656,
                    -97.27944946289062,
                    -44.66011428833008
                ]
            },
            "joint.003":{
                "occupant":"",
                "occupant_parent":"",
                "hinge":"",
                "tx_tol":0.0,
                "rt_tol":[],
                "neighbors":[
                    "joint.004",
                    "joint.002"
                ],
                "rot":[
                    [
                        1.0,
                        2.9802322387695312e-08,
                        0.0
                    ],
                    [
                        -2.9802322387695312e-08,
                        1.0,
                        -0.0
                    ],
                    [
                        -0.0,
                        0.0,
                        1.0
                    ]
                ],
                "tran":[
                    102.03289031982422,
                    -163.90235900878906,
                    -1.8994086980819702
                ]
            },
            "joint.004":{
                "occupant":"",
                "occupant_parent":"",
                "hinge":"",
                "tx_tol":0.0,
                "rt_tol":[],
                "neighbors":[
                    "joint.005",
                    "joint.003"
                ],
                "rot":[
                    [
                        1.0,
                        2.9802322387695312e-08,
                        0.0
                    ],
                    [
                        -2.9802322387695312e-08,
                        1.0,
                        -0.0
                    ],
                    [
                        -0.0,
                        0.0,
                        1.0
                    ]
                ],
                "tran":[
                    92.80006408691406,
                    -151.4482879638672,
                    13.686532020568848
                ]
            },
            "joint.001":{
                "occupant":"",
                "occupant_parent":"",
                "hinge":"joint",
                "tx_tol":5.0,
                "rt_tol":[],
                "neighbors":[
                    "joint.002",
                    "joint"
                ],
                "rot":[
                    [
                        1.0,
                        2.9802322387695312e-08,
                        0.0
                    ],
                    [
                        -2.9802322387695312e-08,
                        1.0,
                        -0.0
                    ],
                    [
                        -0.0,
                        0.0,
                        1.0
                    ]
                ],
                "tran":[
                    134.41969299316406,
                    -124.3914794921875,
                    -35.15852355957031
                ]
            },
            "joint.002":{
                "occupant":"",
                "occupant_parent":"",
                "hinge":"",
                "tx_tol":0.0,
                "rt_tol":[],
                "neighbors":[
                    "joint.003",
                    "joint.001"
                ],
                "rot":[
                    [
                        1.0,
                        2.9802322387695312e-08,
                        0.0
                    ],
                    [
                        -2.9802322387695312e-08,
                        1.0,
                        -0.0
                    ],
                    [
                        -0.0,
                        0.0,
                        1.0
                    ]
                ],
                "tran":[
                    106.91536712646484,
                    -158.0022430419922,
                    -29.187015533447266
                ]
            },
            "joint.006":{
                "occupant":"",
                "occupant_parent":"",
                "hinge":"joint.007",
                "tx_tol":5.0,
                "rt_tol":[],
                "neighbors":[
                    "joint.007",
                    "joint.005"
                ],
                "rot":[
                    [
                        1.0,
                        2.9802322387695312e-08,
                        0.0
                    ],
                    [
                        -2.9802322387695312e-08,
                        1.0,
                        -0.0
                    ],
                    [
                        -0.0,
                        0.0,
                        1.0
                    ]
                ],
                "tran":[
                    39.43482208251953,
                    -143.13381958007812,
                    7.421330451965332
                ]
            }
        },
        "pg_network.039":{
            "joint.010":{
                "occupant":"",
                "occupant_parent":"",
                "hinge":"",
                "tx_tol":0.0,
                "rt_tol":[],
                "neighbors":[
                    "joint.009",
                    "joint.011"
                ],
                "rot":[
                    [
                        1.0,
                        -4.320390090128967e-08,
                        -2.4839774681595372e-08
                    ],
                    [
                        4.320390090128967e-08,
                        1.0,
                        -5.365875899703964e-16
                    ],
                    [
                        2.4839774681595372e-08,
                        -5.365875899703964e-16,
                        1.0
                    ]
                ],
                "tran":[
                    -75.41728973388672,
                    74.67945098876953,
                    9.086997985839844
                ]
            },
            "joint.017":{
                "occupant":"",
                "occupant_parent":"",
                "hinge":"",
                "tx_tol":0.0,
                "rt_tol":[],
                "neighbors":[
                    "joint.016",
                    "joint.018"
                ],
                "rot":[
                    [
                        1.0,
                        0.0,
                        0.0
                    ],
                    [
                        0.0,
                        1.0,
                        0.0
                    ],
                    [
                        0.0,
                        0.0,
                        1.0
                    ]
                ],
                "tran":[
                    55.41331481933594,
                    -61.3807258605957,
                    15.086727142333984
                ]
            },
            "joint.016":{
                "occupant":"",
                "occupant_parent":"",
                "hinge":"",
                "tx_tol":0.0,
                "rt_tol":[],
                "neighbors":[
                    "joint.015",
                    "joint.017"
                ],
                "rot":[
                    [
                        1.0,
                        0.0,
                        0.0
                    ],
                    [
                        0.0,
                        1.0,
                        0.0
                    ],
                    [
                        0.0,
                        0.0,
                        1.0
                    ]
                ],
                "tran":[
                    86.95196533203125,
                    -36.18268585205078,
                    16.631792068481445
                ]
            },
            "joint.018":{
                "occupant":"",
                "occupant_parent":"",
                "hinge":"",
                "tx_tol":0.0,
                "rt_tol":[],
                "neighbors":[
                    "joint.017",
                    "joint.019"
                ],
                "rot":[
                    [
                        1.0,
                        0.0,
                        0.0
                    ],
                    [
                        0.0,
                        1.0,
                        0.0
                    ],
                    [
                        0.0,
                        0.0,
                        1.0
                    ]
                ],
                "tran":[
                    33.428062438964844,
                    -84.8452377319336,
                    21.519412994384766
                ]
            },
            "joint.015":{
                "occupant":"",
                "occupant_parent":"",
                "hinge":"joint.014",
                "tx_tol":5.0,
                "rt_tol":[],
                "neighbors":[
                    "joint.014",
                    "joint.016"
                ],
                "rot":[
                    [
                        1.0,
                        -4.320390445400335e-08,
                        -2.483977823430905e-08
                    ],
                    [
                        4.320390445400335e-08,
                        1.0,
                        -5.365876958495148e-16
                    ],
                    [
                        2.483977823430905e-08,
                        -5.365876958495148e-16,
                        1.0
                    ]
                ],
                "tran":[
                    73.44877624511719,
                    -4.505953788757324,
                    31.93899154663086
                ]
            },
            "joint.014":{
                "occupant":"D14_j3_D54",
                "occupant_parent":"network.006",
                "hinge":"",
                "tx_tol":0.0,
                "rt_tol":[],
                "neighbors":[
                    "joint.013",
                    "joint.015"
                ],
                "rot":[
                    [
                        1.0,
                        -4.320390445400335e-08,
                        -2.483977823430905e-08
                    ],
                    [
                        4.320390445400335e-08,
                        1.0,
                        -5.365876958495148e-16
                    ],
                    [
                        2.483977823430905e-08,
                        -5.365876958495148e-16,
                        1.0
                    ]
                ],
                "tran":[
                    29.851455688476562,
                    -10.610694885253906,
                    27.037992477416992
                ]
            },
            "joint.019":{
                "occupant":"",
                "occupant_parent":"",
                "hinge":"joint.008",
                "tx_tol":5.0,
                "rt_tol":[],
                "neighbors":[
                    "joint.018",
                    "joint.008"
                ],
                "rot":[
                    [
                        1.0,
                        0.0,
                        0.0
                    ],
                    [
                        0.0,
                        1.0,
                        0.0
                    ],
                    [
                        0.0,
                        0.0,
                        1.0
                    ]
                ],
                "tran":[
                    11.377410888671875,
                    -106.90105438232422,
                    23.55054473876953
                ]
            },
            "joint.013":{
                "occupant":"",
                "occupant_parent":"",
                "hinge":"joint.014",
                "tx_tol":5.0,
                "rt_tol":[],
                "neighbors":[
                    "joint.012",
                    "joint.014"
                ],
                "rot":[
                    [
                        1.0,
                        -4.320390445400335e-08,
                        -2.483977823430905e-08
                    ],
                    [
                        4.320390445400335e-08,
                        1.0,
                        -5.365876958495148e-16
                    ],
                    [
                        2.483977823430905e-08,
                        -5.365876958495148e-16,
                        1.0
                    ]
                ],
                "tran":[
                    -12.709670066833496,
                    -3.601202964782715,
                    22.882328033447266
                ]
            },
            "joint.012":{
                "occupant":"",
                "occupant_parent":"",
                "hinge":"",
                "tx_tol":0.0,
                "rt_tol":[],
                "neighbors":[
                    "joint.011",
                    "joint.013"
                ],
                "rot":[
                    [
                        1.0,
                        -4.320390090128967e-08,
                        -2.4839774681595372e-08
                    ],
                    [
                        4.320390090128967e-08,
                        1.0,
                        -5.365875899703964e-16
                    ],
                    [
                        2.4839774681595372e-08,
                        -5.365875899703964e-16,
                        1.0
                    ]
                ],
                "tran":[
                    -51.72687530517578,
                    1.1065435409545898,
                    12.391681671142578
                ]
            },
            "joint.009":{
                "occupant":"",
                "occupant_parent":"",
                "hinge":"",
                "tx_tol":0.0,
                "rt_tol":[],
                "neighbors":[
                    "joint.010"
                ],
                "rot":[
                    [
                        1.0,
                        -4.320390090128967e-08,
                        -2.4839774681595372e-08
                    ],
                    [
                        4.320390090128967e-08,
                        1.0,
                        -5.365875899703964e-16
                    ],
                    [
                        2.4839774681595372e-08,
                        -5.365875899703964e-16,
                        1.0
                    ]
                ],
                "tran":[
                    -68.84532928466797,
                    102.16368103027344,
                    4.646340370178223
                ]
            },
            "joint.008":{
                "occupant":"D14_j2_D14.001",
                "occupant_parent":"network.013",
                "hinge":"",
                "tx_tol":0.0,
                "rt_tol":[],
                "neighbors":[
                    "joint.019"
                ],
                "rot":[
                    [
                        1.0,
                        0.0,
                        0.0
                    ],
                    [
                        0.0,
                        1.0,
                        0.0
                    ],
                    [
                        0.0,
                        0.0,
                        1.0
                    ]
                ],
                "tran":[
                    -20.716415405273438,
                    -137.89166259765625,
                    29.391361236572266
                ]
            },
            "joint.011":{
                "occupant":"",
                "occupant_parent":"",
                "hinge":"",
                "tx_tol":0.0,
                "rt_tol":[],
                "neighbors":[
                    "joint.010",
                    "joint.012"
                ],
                "rot":[
                    [
                        1.0,
                        -4.320390090128967e-08,
                        -2.4839774681595372e-08
                    ],
                    [
                        4.320390090128967e-08,
                        1.0,
                        -5.365875899703964e-16
                    ],
                    [
                        2.4839774681595372e-08,
                        -5.365875899703964e-16,
                        1.0
                    ]
                ],
                "tran":[
                    -61.318809509277344,
                    43.72370147705078,
                    8.70350456237793
                ]
            }
        }
    }
}