{
    "networks":{
        "network.010":{
            "D79_j2_D14.002":{
                "module_name":"D79_j2_D14",
                "module_type":"single",
                "c_linkage":[
                    {
                        "target_chain_id":"A",
                        "target_mod":"D14_j2_D14.001",
                        "source_chain_id":"A",
                        "terminus":"c"
                    }
                ],
                "n_linkage":[],
                "rot":[
                    [
                        -0.5876877307891846,
                        0.5613660216331482,
                        -0.5826586484909058
                    ],
                    [
                        -0.7654297947883606,
                        -0.6191116571426392,
                        0.17554955184459686
                    ],
                    [
                        -0.2621833086013794,
                        0.549152672290802,
                        0.7935308814048767
                    ]
                ],
                "tran":[
                    2.156381607055664,
                    -166.12734985351562,
                    19.409442901611328
                ]
            },
            "D14_j2_D14.001":{
                "module_name":"D14_j2_D14",
                "module_type":"single",
                "c_linkage":[],
                "n_linkage":[
                    {
                        "target_chain_id":"A",
                        "target_mod":"D79_j2_D14.002",
                        "source_chain_id":"A",
                        "terminus":"n"
                    }
                ],
                "rot":[
                    [
                        -0.656033992767334,
                        0.12041250616312027,
                        -0.7450641989707947
                    ],
                    [
                        0.6195520162582397,
                        -0.4778514802455902,
                        -0.6227468848228455
                    ],
                    [
                        -0.43101638555526733,
                        -0.8701489567756653,
                        0.23888470232486725
                    ]
                ],
                "tran":[
                    -20.716419219970703,
                    -137.89163208007812,
                    29.3913631439209
                ]
            }
        },
        "network.007":{
            "D14_j3_D54":{
                "module_name":"D14_j3_D54",
                "module_type":"single",
                "c_linkage":[],
                "n_linkage":[],
                "rot":[
                    [
                        -0.3287689685821533,
                        -0.0653621181845665,
                        -0.9421460032463074
                    ],
                    [
                        -0.9277876615524292,
                        -0.16399537026882172,
                        0.33513566851615906
                    ],
                    [
                        -0.17641261219978333,
                        0.9842934608459473,
                        -0.006725779268890619
                    ]
                ],
                "tran":[
                    29.851455688476562,
                    -10.610695838928223,
                    27.037986755371094
                ]
            }
        },
        "network.013":{
            "D79_j2_D14.003":{
                "module_name":"D79_j2_D14",
                "module_type":"single",
                "c_linkage":[],
                "n_linkage":[],
                "rot":[
                    [
                        0.30451107025146484,
                        -0.5540429949760437,
                        0.7747963666915894
                    ],
                    [
                        0.23078621923923492,
                        0.8321053385734558,
                        0.5043197870254517
                    ],
                    [
                        -0.9241270422935486,
                        0.025241339579224586,
                        0.3812507688999176
                    ]
                ],
                "tran":[
                    161.11431884765625,
                    -93.7061996459961,
                    -46.672935485839844
                ]
            }
        }
    },
    "pg_networks":{
        "pg_network.043":{
            "joint.004":{
                "occupant":"",
                "occupant_parent":"",
                "hinge":"",
                "tx_tol":0.0,
                "rt_tol":[],
                "neighbors":[
                    "joint.005",
                    "joint.003"
                ],
                "rot":[
                    [
                        1.0,
                        4.470348358154297e-08,
                        -4.163336342344337e-16
                    ],
                    [
                        -4.470348358154297e-08,
                        1.0,
                        -1.1175870895385742e-08
                    ],
                    [
                        -8.326672684688674e-17,
                        1.1175870895385742e-08,
                        1.0
                    ]
                ],
                "tran":[
                    93.3282470703125,
                    -150.63851928710938,
                    11.682722091674805
                ]
            },
            "joint.003":{
                "occupant":"",
                "occupant_parent":"",
                "hinge":"",
                "tx_tol":0.0,
                "rt_tol":[],
                "neighbors":[
                    "joint.004",
                    "joint.002"
                ],
                "rot":[
                    [
                        1.0,
                        4.470348358154297e-08,
                        -4.163336342344337e-16
                    ],
                    [
                        -4.470348358154297e-08,
                        1.0,
                        -1.1175870895385742e-08
                    ],
                    [
                        -8.326672684688674e-17,
                        1.1175870895385742e-08,
                        1.0
                    ]
                ],
                "tran":[
                    102.39640808105469,
                    -162.49717712402344,
                    -4.4545979499816895
                ]
            },
            "joint.005":{
                "occupant":"",
                "occupant_parent":"",
                "hinge":"",
                "tx_tol":0.0,
                "rt_tol":[],
                "neighbors":[
                    "joint.006",
                    "joint.004"
                ],
                "rot":[
                    [
                        1.0,
                        4.470348358154297e-08,
                        -4.163336342344337e-16
                    ],
                    [
                        -4.470348358154297e-08,
                        1.0,
                        -1.1175870895385742e-08
                    ],
                    [
                        -8.326672684688674e-17,
                        1.1175870895385742e-08,
                        1.0
                    ]
                ],
                "tran":[
                    76.60247039794922,
                    -137.37022399902344,
                    16.924022674560547
                ]
            },
            "joint.001":{
                "occupant":"",
                "occupant_parent":"",
                "hinge":"joint",
                "tx_tol":5.0,
                "rt_tol":[],
                "neighbors":[
                    "joint.002",
                    "joint"
                ],
                "rot":[
                    [
                        1.0,
                        2.9802322387695312e-08,
                        -4.996003610813204e-16
                    ],
                    [
                        -2.9802322387695312e-08,
                        1.0,
                        -1.1175870895385742e-08
                    ],
                    [
                        1.6653345369377348e-16,
                        1.1175870895385742e-08,
                        1.0
                    ]
                ],
                "tran":[
                    133.3743438720703,
                    -121.54023742675781,
                    -37.3040657043457
                ]
            },
            "joint.007":{
                "occupant":"D79_j2_D14.002",
                "occupant_parent":"network.010",
                "hinge":"",
                "tx_tol":0.0,
                "rt_tol":[],
                "neighbors":[
                    "joint.006"
                ],
                "rot":[
                    [
                        1.0,
                        0.0,
                        0.0
                    ],
                    [
                        0.0,
                        1.0,
                        0.0
                    ],
                    [
                        0.0,
                        0.0,
                        1.0
                    ]
                ],
                "tran":[
                    2.156391143798828,
                    -166.12734985351562,
                    19.40944480895996
                ]
            },
            "joint.002":{
                "occupant":"",
                "occupant_parent":"",
                "hinge":"",
                "tx_tol":0.0,
                "rt_tol":[],
                "neighbors":[
                    "joint.003",
                    "joint.001"
                ],
                "rot":[
                    [
                        1.0,
                        4.470348358154297e-08,
                        -4.163336342344337e-16
                    ],
                    [
                        -4.470348358154297e-08,
                        1.0,
                        -1.1175870895385742e-08
                    ],
                    [
                        -8.326672684688674e-17,
                        1.1175870895385742e-08,
                        1.0
                    ]
                ],
                "tran":[
                    106.5538101196289,
                    -155.75599670410156,
                    -31.667415618896484
                ]
            },
            "joint":{
                "occupant":"D79_j2_D14.003",
                "occupant_parent":"network.013",
                "hinge":"",
                "tx_tol":0.0,
                "rt_tol":[],
                "neighbors":[
                    "joint.001"
                ],
                "rot":[
                    [
                        1.0,
                        2.9802322387695312e-08,
                        -1.6653345369377348e-16
                    ],
                    [
                        -2.9802322387695312e-08,
                        1.0,
                        -3.725290298461914e-09
                    ],
                    [
                        5.551115123125783e-17,
                        3.725290298461914e-09,
                        1.0
                    ]
                ],
                "tran":[
                    161.11431884765625,
                    -93.70620727539062,
                    -46.672935485839844
                ]
            },
            "joint.006":{
                "occupant":"",
                "occupant_parent":"",
                "hinge":"joint.007",
                "tx_tol":5.0,
                "rt_tol":[],
                "neighbors":[
                    "joint.005",
                    "joint.007"
                ],
                "rot":[
                    [
                        1.0,
                        4.470348358154297e-08,
                        -4.163336342344337e-16
                    ],
                    [
                        -4.470348358154297e-08,
                        1.0,
                        -1.1175870895385742e-08
                    ],
                    [
                        -8.326672684688674e-17,
                        1.1175870895385742e-08,
                        1.0
                    ]
                ],
                "tran":[
                    39.50928497314453,
                    -142.89718627929688,
                    7.051778316497803
                ]
            }
        },
        "pg_network.042":{
            "joint.008":{
                "occupant":"D14_j2_D14.001",
                "occupant_parent":"network.010",
                "hinge":"",
                "tx_tol":0.0,
                "rt_tol":[],
                "neighbors":[
                    "joint.019"
                ],
                "rot":[
                    [
                        1.0,
                        1.4901161193847656e-08,
                        5.273559366969494e-16
                    ],
                    [
                        -1.4901161193847656e-08,
                        1.0,
                        4.842877388000488e-08
                    ],
                    [
                        1.94289055779182e-16,
                        -4.842877388000488e-08,
                        1.0
                    ]
                ],
                "tran":[
                    -20.71641731262207,
                    -137.89163208007812,
                    29.391368865966797
                ]
            },
            "joint.011":{
                "occupant":"",
                "occupant_parent":"",
                "hinge":"",
                "tx_tol":0.0,
                "rt_tol":[],
                "neighbors":[
                    "joint.010",
                    "joint.012"
                ],
                "rot":[
                    [
                        1.0,
                        1.4901158529312397e-08,
                        2.9802322387695312e-08
                    ],
                    [
                        -1.4901160305669237e-08,
                        1.0,
                        7.82310962677002e-08
                    ],
                    [
                        -2.9802322387695312e-08,
                        -7.82310962677002e-08,
                        1.0
                    ]
                ],
                "tran":[
                    -61.318809509277344,
                    43.72368240356445,
                    8.703509330749512
                ]
            },
            "joint.013":{
                "occupant":"",
                "occupant_parent":"",
                "hinge":"joint.014",
                "tx_tol":5.0,
                "rt_tol":[],
                "neighbors":[
                    "joint.012",
                    "joint.014"
                ],
                "rot":[
                    [
                        1.0,
                        1.4901162970204496e-08,
                        2.9802322387695312e-08
                    ],
                    [
                        -1.4901166522918174e-08,
                        1.0,
                        7.82310962677002e-08
                    ],
                    [
                        -2.9802322387695312e-08,
                        -7.82310962677002e-08,
                        1.0
                    ]
                ],
                "tran":[
                    -12.709663391113281,
                    -3.601198196411133,
                    22.882328033447266
                ]
            },
            "joint.019":{
                "occupant":"",
                "occupant_parent":"",
                "hinge":"joint.008",
                "tx_tol":5.0,
                "rt_tol":[],
                "neighbors":[
                    "joint.018",
                    "joint.008"
                ],
                "rot":[
                    [
                        1.0,
                        1.4901161193847656e-08,
                        5.273559366969494e-16
                    ],
                    [
                        -1.4901161193847656e-08,
                        1.0,
                        4.842877388000488e-08
                    ],
                    [
                        1.94289055779182e-16,
                        -4.842877388000488e-08,
                        1.0
                    ]
                ],
                "tran":[
                    11.377401351928711,
                    -106.90107727050781,
                    23.550552368164062
                ]
            },
            "joint.015":{
                "occupant":"",
                "occupant_parent":"",
                "hinge":"joint.014",
                "tx_tol":5.0,
                "rt_tol":[],
                "neighbors":[
                    "joint.014",
                    "joint.016"
                ],
                "rot":[
                    [
                        1.0,
                        1.4901162970204496e-08,
                        2.9802322387695312e-08
                    ],
                    [
                        -1.4901166522918174e-08,
                        1.0,
                        7.82310962677002e-08
                    ],
                    [
                        -2.9802322387695312e-08,
                        -7.82310962677002e-08,
                        1.0
                    ]
                ],
                "tran":[
                    73.44879150390625,
                    -4.505958557128906,
                    31.938976287841797
                ]
            },
            "joint.014":{
                "occupant":"D14_j3_D54",
                "occupant_parent":"network.007",
                "hinge":"",
                "tx_tol":0.0,
                "rt_tol":[],
                "neighbors":[
                    "joint.013",
                    "joint.015"
                ],
                "rot":[
                    [
                        1.0,
                        1.4901162970204496e-08,
                        2.9802322387695312e-08
                    ],
                    [
                        -1.4901166522918174e-08,
                        1.0,
                        7.82310962677002e-08
                    ],
                    [
                        -2.9802322387695312e-08,
                        -7.82310962677002e-08,
                        1.0
                    ]
                ],
                "tran":[
                    29.851455688476562,
                    -10.610699653625488,
                    27.037982940673828
                ]
            },
            "joint.017":{
                "occupant":"",
                "occupant_parent":"",
                "hinge":"",
                "tx_tol":0.0,
                "rt_tol":[],
                "neighbors":[
                    "joint.016",
                    "joint.018"
                ],
                "rot":[
                    [
                        1.0,
                        1.4901161193847656e-08,
                        1.1934897514720433e-15
                    ],
                    [
                        -1.4901161193847656e-08,
                        1.0,
                        7.82310962677002e-08
                    ],
                    [
                        -2.7755575615628914e-17,
                        -7.82310962677002e-08,
                        1.0
                    ]
                ],
                "tran":[
                    55.41331481933594,
                    -61.3807258605957,
                    15.086736679077148
                ]
            },
            "joint.016":{
                "occupant":"",
                "occupant_parent":"",
                "hinge":"",
                "tx_tol":0.0,
                "rt_tol":[],
                "neighbors":[
                    "joint.015",
                    "joint.017"
                ],
                "rot":[
                    [
                        1.0,
                        1.4901161193847656e-08,
                        1.1934897514720433e-15
                    ],
                    [
                        -1.4901161193847656e-08,
                        1.0,
                        7.82310962677002e-08
                    ],
                    [
                        -2.7755575615628914e-17,
                        -7.82310962677002e-08,
                        1.0
                    ]
                ],
                "tran":[
                    86.95195007324219,
                    -36.18268585205078,
                    16.631799697875977
                ]
            },
            "joint.010":{
                "occupant":"",
                "occupant_parent":"",
                "hinge":"",
                "tx_tol":0.0,
                "rt_tol":[],
                "neighbors":[
                    "joint.009",
                    "joint.011"
                ],
                "rot":[
                    [
                        1.0,
                        1.4901160305669237e-08,
                        2.9802322387695312e-08
                    ],
                    [
                        -1.4901162970204496e-08,
                        1.0,
                        7.82310962677002e-08
                    ],
                    [
                        -2.9802322387695312e-08,
                        -7.82310962677002e-08,
                        1.0
                    ]
                ],
                "tran":[
                    -75.4172592163086,
                    74.67945098876953,
                    9.08700180053711
                ]
            },
            "joint.012":{
                "occupant":"",
                "occupant_parent":"",
                "hinge":"",
                "tx_tol":0.0,
                "rt_tol":[],
                "neighbors":[
                    "joint.011",
                    "joint.013"
                ],
                "rot":[
                    [
                        1.0,
                        1.4901158529312397e-08,
                        2.9802322387695312e-08
                    ],
                    [
                        -1.4901160305669237e-08,
                        1.0,
                        7.82310962677002e-08
                    ],
                    [
                        -2.9802322387695312e-08,
                        -7.82310962677002e-08,
                        1.0
                    ]
                ],
                "tran":[
                    -51.72688293457031,
                    1.106553077697754,
                    12.391690254211426
                ]
            },
            "joint.009":{
                "occupant":"",
                "occupant_parent":"",
                "hinge":"",
                "tx_tol":0.0,
                "rt_tol":[],
                "neighbors":[
                    "joint.010"
                ],
                "rot":[
                    [
                        1.0,
                        1.4901160305669237e-08,
                        2.9802322387695312e-08
                    ],
                    [
                        -1.4901162970204496e-08,
                        1.0,
                        7.82310962677002e-08
                    ],
                    [
                        -2.9802322387695312e-08,
                        -7.82310962677002e-08,
                        1.0
                    ]
                ],
                "tran":[
                    -68.84529876708984,
                    102.16365814208984,
                    4.646339416503906
                ]
            },
            "joint.018":{
                "occupant":"",
                "occupant_parent":"",
                "hinge":"",
                "tx_tol":0.0,
                "rt_tol":[],
                "neighbors":[
                    "joint.017",
                    "joint.019"
                ],
                "rot":[
                    [
                        1.0,
                        1.4901161193847656e-08,
                        5.273559366969494e-16
                    ],
                    [
                        -1.4901161193847656e-08,
                        1.0,
                        4.842877388000488e-08
                    ],
                    [
                        1.94289055779182e-16,
                        -4.842877388000488e-08,
                        1.0
                    ]
                ],
                "tran":[
                    33.42805480957031,
                    -84.8452377319336,
                    21.51942253112793
                ]
            }
        }
    }
}